count;dtBaro
1;2480
2;3223
3;3170
4;3293
5;3292
6;3170
7;3325
8;3277
9;3201
10;3292
11;3141
12;3201
13;3293
14;3139
15;2956
16;3292
17;3292
18;3049
19;3292
20;3292
21;3170
22;3329
23;3202
24;3292
25;3292
26;3097
27;3232
28;3323
29;3096
30;2864
31;3186
32;3292
33;3230
34;3384
35;3292
36;3227
37;3294
38;3200
39;3292
40;3294
41;3139
42;3230
43;3292
44;3140
45;3231
46;3292
47;3139
48;3349
49;3292
50;3139
51;3260
52;3292
53;3140
54;3233
55;3292
56;3141
57;3262
58;3291
59;3139
60;3201
61;3292
62;3139
63;3232
64;3294
65;3140
66;3199
67;3294
68;3139
69;3265
70;3292
71;3098
72;3230
73;3292
74;3138
75;3240
76;3291
77;3140
78;3301
79;3385
80;3137
81;3150
82;3295
83;3137
84;3243
85;3294
86;3137
87;3271
88;3322
89;3137
90;3242
91;3289
92;3137
93;3212
94;3291
95;3138
96;3240
97;3291
98;3140
99;3293
100;3290
101;3138
102;3230
103;3291
104;3137
105;3199
106;3292
107;3137
108;3229
109;3323
110;3138
111;3198
112;3292
113;3138
114;3332
115;3290
116;3273
117;3289
118;3289
119;3107
120;3320
121;3291
122;3107
123;3291
124;3288
125;3107
126;3292
127;3321
128;3107
129;3289
130;3290
131;3318
132;3258
133;3291
134;3106
135;3320
136;3291
137;3076
138;3289
139;3262
140;3047
141;3350
142;3289
143;3045
144;3228
145;3292
146;3077
147;3260
148;3323
149;3046
150;3292
151;3291
152;3106
153;3198
154;3292
155;3322
156;3153
157;3289
158;3045
159;3219
160;3290
161;3045
162;3319
163;3322
164;3075
165;3259
166;3289
167;3106
168;3199
169;3293
170;3106
171;3292
172;3319
173;3105
174;3197
175;3290
176;3015
177;3147
178;3288
179;3108
180;3321
181;3292
182;3107
183;3260
184;3289
185;3107
186;3289
187;3291
188;3105
189;3290
190;3321
191;3105
192;3198
193;3290
194;3106
195;3229
196;3289
197;3289
198;3143
199;3321
200;3105
201;3227
202;3289
203;3354
204;3389
205;3291
206;2962
207;3290
208;3291
209;3046
210;3196
211;3288
212;3046
213;3350
214;3292
215;3044
216;3350
217;3290
218;3107
219;3197
220;3288
221;3089
222;3197
223;3320
224;3105
225;3321
226;3288
227;3046
228;3319
229;3289
230;3321
231;3191
232;3287
233;3043
234;3352
235;3290
236;3046
237;3194
238;3288
239;3045
240;3316
241;3289
242;3105
243;3382
244;3289
245;3107
246;3220
247;3259
248;3105
249;3271
250;3290
251;3045
252;3389
253;3288
254;3044
255;3303
256;3288
257;3142
258;3158
259;3288
260;3044
261;3195
262;3288
263;3044
264;3258
265;3288
266;3046
267;3286
268;3289
269;3043
270;3165
271;3288
272;3105
273;3197
274;3288
275;3107
276;3227
277;3289
278;3105
279;3288
280;3288
281;3106
282;3228
283;3287
284;3106
285;3290
286;3287
287;3107
288;3227
289;3288
290;3106
291;3287
292;3288
293;3104
294;3328
295;3290
296;3273
297;3321
298;3315
299;3044
300;3381
301;3256
302;3107
303;3240
304;3288
305;3104
306;3206
307;3289
308;3045
309;3320
310;3289
311;3043
312;3315
313;3288
314;3107
315;3283
316;3287
317;3045
318;3305
319;3288
320;3043
321;3193
322;3287
323;3043
324;3317
325;3287
326;3043
327;3288
328;3289
329;3043
330;3259
331;3288
332;3045
333;3287
334;3321
335;3105
336;3257
337;3288
338;3042
339;2692
340;3289
341;3136
342;3239
343;3288
344;3091
345;3227
346;3290
347;3092
348;3259
349;3289
350;3138
351;3075
352;3238
353;3135
354;3257
355;3288
356;3135
357;3227
358;3288
359;3165
360;3195
361;3286
362;3135
363;3147
364;3287
365;3135
366;2890
367;3287
368;3317
369;2892
370;3288
371;3286
372;2922
373;3376
374;3288
375;3082
376;3199
377;3288
378;3136
379;3288
380;3289
381;2921
382;3288
383;3288
384;3040
385;3318
386;3289
387;2922
388;3292
389;3287
390;2921
391;3289
392;3383
393;3196
394;3288
395;3288
396;3197
397;3287
398;3287
399;2802
400;3287
401;3286
402;3073
403;3289
404;3289
405;3073
406;3290
407;3286
408;3043
409;3286
410;3290
411;2815
412;3252
413;3282
414;3257
415;3289
416;3287
417;3072
418;3286
419;3286
420;2885
421;3184
422;3286
423;3045
424;3290
425;3288
426;2967
427;3196
428;3287
429;3207
430;3286
431;3290
432;2966
433;3195
434;3286
435;3100
436;3152
437;3285
438;3042
439;3314
440;3289
441;3043
442;3256
443;3288
444;3210
445;3137
446;3286
447;3104
448;3317
449;3287
450;3554
451;3185
452;3287
453;3001
454;3130
455;3287
456;3042
457;3237
458;3286
459;3043
460;3256
461;3286
462;3104
463;3317
464;3287
465;3043
466;3318
467;3288
468;3254
469;3199
470;3289
471;3104
472;3344
473;3286
474;3023
475;3332
476;3287
477;3042
478;3209
479;3286
480;3042
481;3257
482;3317
483;3042
484;3286
485;3288
486;3043
487;3255
488;3286
489;3304
490;3140
491;3286
492;3042
493;3303
494;3349
495;3103
496;3252
497;3287
498;3042
499;3255
500;3286
501;3209
502;3135
503;3288
504;3043
505;3174
506;3286
507;3103
508;3192
509;3285
510;3103
511;3256
512;3286
513;3102
514;3194
515;3285
516;3104
517;3254
518;3286
519;3326
520;3191
521;3286
522;3105
523;3194
524;3286
525;3271
526;3190
527;3286
528;3102
529;3255
530;3288
531;3103
532;3317
533;3288
534;3043
535;3285
536;3285
537;3103
538;3348
539;3285
540;3041
541;3144
542;3287
543;3103
544;3258
545;3285
546;3105
547;3254
548;3287
549;3103
550;3286
551;3286
552;3101
553;3255
554;3288
555;3103
556;3255
557;3286
558;3104
559;3287
560;3287
561;3104
562;3254
563;3287
564;2961
565;3370
566;3289
567;3105
568;3320
569;3287
570;3104
571;3285
572;3317
573;3103
574;3282
575;3285
576;3103
577;3259
578;3286
579;3101
580;3258
581;3285
582;3102
583;3254
584;3318
585;3103
586;3255
587;3285
588;3102
589;3286
590;3285
591;3103
592;3223
593;3286
594;3103
595;3221
596;3286
597;3136
598;3288
599;3257
600;3102
601;3286
602;3285
603;3318
604;3165
605;3282
606;3102
607;3132
608;3285
609;3061
610;3304
611;3286
612;3102
613;3285
614;3285
615;3104
616;3287
617;3285
618;2650
619;3205
620;3255
621;3133
622;3286
623;3286
624;3134
625;3071
626;3285
627;3133
628;3255
629;3285
630;3134
631;3319
632;3296
633;3133
634;3344
635;3285
636;3135
637;3224
638;3286
639;3134
640;3256
641;3317
642;3132
643;3286
644;3285
645;3134
646;3287
647;3286
648;3132
649;3191
650;3286
651;3088
652;3257
653;3285
654;3359
655;3405
656;3285
657;3103
658;3316
659;3281
660;3102
661;3318
662;3286
663;3103
664;3196
665;3285
666;3102
667;3254
668;3287
669;3103
670;3285
671;3286
672;3102
673;3285
674;3285
675;3103
676;3258
677;3285
678;3102
679;3254
680;3287
681;3102
682;3286
683;3287
684;3286
685;3143
686;3285
687;3104
688;3317
689;3286
690;3102
691;3194
692;3288
693;3101
694;3255
695;3285
696;3102
697;3286
698;3286
699;3102
700;3279
701;3285
702;3102
703;3223
704;3285
705;3103
706;3286
707;3285
708;3098
709;3286
710;3286
711;3102
712;3285
713;3347
714;3103
715;3193
716;3285
717;3102
718;3318
719;3285
720;3104
721;3195
722;3285
723;3102
724;3318
725;3286
726;3103
727;3224
728;3285
729;3101
730;3253
731;3286
732;3101
733;3254
734;3286
735;3102
736;3287
737;3286
738;3101
739;3256
740;3315
741;3103
742;3284
743;3285
744;3357
745;3468
746;3286
747;3145
748;3305
749;3287
750;3095
751;3184
752;3287
753;3040
754;3226
755;3286
756;3040
757;3205
758;3286
759;3069
760;3316
761;3289
762;3270
763;3306
764;3256
765;3103
766;3145
767;3285
768;3041
769;3163
770;3284
771;3683
772;3206
773;3286
774;3227
775;3204
776;3285
777;3083
778;3290
779;3284
780;3099
781;3212
782;3285
783;3213
784;3281
785;3286
786;3289
787;3204
788;3286
789;3077
790;3291
791;3285
792;3088
793;3193
794;3378
795;3041
796;3223
797;3285
798;3041
799;3183
800;3284
801;3390
802;3225
803;3285
804;3259
805;3288
806;3287
807;3074
808;3299
809;3285
810;3134
811;3255
812;3285
813;3286
814;3286
815;3285
816;2965
817;3192
818;3286
819;3011
820;3300
821;3284
822;3115
823;3195
824;3285
825;3043
826;3194
827;3317
828;3041
829;3316
830;3317
831;3037
832;3256
833;3285
834;3252
835;3358
836;3286
837;3083
838;3165
839;3284
840;3040
841;3345
842;3287
843;3042
844;3196
845;3285
846;3041
847;3284
848;3286
849;3040
850;3174
851;3283
852;3104
853;3192
854;3285
855;3102
856;3194
857;3284
858;3101
859;3284
860;3285
861;3097
862;3284
863;3285
864;3103
865;3284
866;3285
867;3115
868;3315
869;3286
870;3103
871;3220
872;3286
873;3288
874;3283
875;3255
876;3099
877;3314
878;3284
879;3285
880;3290
881;3286
882;2960
883;3343
884;3285
885;3040
886;3314
887;3285
888;3101
889;3175
890;3287
891;3039
892;3195
893;3285
894;3100
895;3285
896;3286
897;3304
898;3348
899;3284
900;3039
901;3298
902;3285
903;3041
904;3196
905;3283
906;3102
907;3285
908;3286
909;3103
910;3346
911;3284
912;3147
913;3193
914;3285
915;3041
916;3201
917;3285
918;3102
919;3254
920;3284
921;3073
922;3315
923;3284
924;3070
925;3261
926;3284
927;3287
928;3287
929;3315
930;3040
931;3255
932;3316
933;3041
934;3225
935;3285
936;3041
937;3190
938;3284
939;3104
940;3192
941;3285
942;3103
943;3284
944;3285
945;3101
946;3284
947;3285
948;3102
949;3253
950;3284
951;3105
952;3254
953;4251
954;3164
955;3284
956;3284
957;3103
958;3285
959;3319
960;3043
961;3285
962;3286
963;3101
964;3226
965;3284
966;3042
967;3286
968;3321
969;3077
970;3272
971;3285
972;2983
973;3203
974;3286
975;3163
976;3288
977;3287
978;3033
979;3186
980;3285
981;3164
982;3286
983;3307
984;3018
985;3135
986;3283
987;3101
988;3270
989;3285
990;3042
991;3282
992;3285
993;3102
994;3144
995;3284
996;3101
997;3132
998;3283
999;3286
1000;3202
1001;3280
1002;3040
1003;3253
1004;3285
1005;3102
1006;3316
1007;3283
1008;3101
1009;3315
1010;3283
1011;3103
1012;3254
1013;3285
1014;3050
1015;3278
1016;3309
1017;3045
1018;3376
1019;3285
1020;3070
1021;3254
1022;3284
1023;3102
1024;3256
1025;3285
1026;3098
1027;3192
1028;4082
1029;3256
1030;3286
1031;3283
1032;2951
1033;3254
1034;3284
1035;2968
1036;3187
1037;3284
1038;3020
1039;3195
1040;3283
1041;3163
1042;3299
1043;3071
1044;4599
1045;3284
1046;3285
1047;3131
1048;3287
1049;3287
1050;2979
1051;3284
1052;3285
1053;3102
1054;3285
1055;3283
1056;2887
1057;3286
1058;3285
1059;3256
1060;3350
1061;3889
1062;3163
1063;3287
1064;3285
1065;3249
1066;3283
1067;3195
1068;3282
1069;3283
1070;3131
1071;3172
1072;3283
1073;3134
1074;3142
1075;3285
1076;3407
1077;3263
1078;3283
1079;3286
1080;3190
1081;3283
1082;3104
1083;3315
1084;3285
1085;3134
1086;3225
1087;3283
1088;3133
1089;3223
1090;3283
1091;3132
1092;3284
1093;3283
1094;3284
1095;3142
1096;3284
1097;3131
1098;3224
1099;3284
1100;3129
1101;3224
1102;3285
1103;3132
1104;2966
1105;3339
1106;3900
1107;3227
1108;3283
1109;3269
1110;3219
1111;3284
1112;3103
1113;3254
1114;3285
1115;3100
1116;3223
1117;3284
1118;3100
1119;3283
1120;3285
1121;3677
1122;3242
1123;3285
1124;3165
1125;3358
1126;3285
1127;3085
1128;3285
1129;3285
1130;3087
1131;3155
1132;3317
1133;3273
1134;3278
1135;3285
1136;3220
1137;3303
1138;3283
1139;4994
1140;3283
1141;3132
1142;3223
1143;3283
1144;4554
1145;3311
1146;3283
1147;3224
1148;3234
1149;3284
1150;3368
1151;3243
1152;3322
1153;3253
1154;3385
1155;3371
1156;2883
1157;3207
1158;3373
1159;3256
1160;3255
1161;3348
1162;3892
1163;3316
1164;3283
1165;2883
1166;3284
1167;3286
1168;3134
1169;3283
1170;3284
1171;2949
1172;3284
1173;3283
1174;3101
1175;3284
1176;3315
1177;3250
1178;3283
1179;3283
1180;2949
1181;3285
1182;3285
1183;2856
1184;3285
1185;3283
1186;2842
1187;3315
1188;3287
1189;3161
1190;3284
1191;3284
1192;2920
1193;3293
1194;3076
1195;3288
1196;3350
1197;3284
1198;3134
1199;3314
1200;3285
1201;2920
1202;3228
1203;3286
1204;2979
1205;3204
1206;3283
1207;3286
1208;3284
1209;3282
1210;3194
1211;3441
1212;3285
1213;2874
1214;3279
1215;3283
1216;3193
1217;3283
1218;3343
1219;3286
1220;3284
1221;3285
1222;3100
1223;3288
1224;3283
1225;3101
1226;3284
1227;3284
1228;2869
1229;3253
1230;3284
1231;3039
1232;3265
1233;3283
1234;3042
1235;3285
1236;3285
1237;2868
1238;3255
1239;3314
1240;3021
1241;3283
1242;3284
1243;2951
1244;3206
1245;3286
1246;3001
1247;3185
1248;3283
1249;3680
1250;3237
1251;3284
1252;2921
1253;3379
1254;3285
1255;3208
1256;3437
1257;3285
1258;2916
1259;3254
1260;3286
1261;2918
1262;3282
1263;3282
1264;3324
1265;3284
1266;3284
1267;3254
1268;3285
1269;3131
1270;2761
1271;3207
1272;3284
1273;2886
1274;3283
1275;3283
1276;3101
1277;3314
1278;3255
1279;3100
1280;3283
1281;3284
1282;4788
1283;3284
1284;3073
1285;3318
1286;3284
1287;3205
1288;3190
1289;3314
1290;3268
1291;3335
1292;3286
1293;3339
1294;3214
1295;3286
1296;3078
1297;3504
1298;3203
1299;3023
1300;3132
1301;3286
1302;3039
1303;3314
1304;3284
1305;3069
1306;3284
1307;3314
1308;3304
1309;3278
1310;3313
1311;3103
1312;3221
1313;3282
1314;3038
1315;3134
1316;3281
1317;3041
1318;3162
1319;3283
1320;3100
1321;3192
1322;3283
1323;3101
1324;3314
1325;3284
1326;3099
1327;3190
1328;3285
1329;3100
1330;3351
1331;3284
1332;3102
1333;3192
1334;3283
1335;3102
1336;3284
1337;3284
1338;3101
1339;3284
1340;3314
1341;3100
1342;3253
1343;3314
1344;3101
1345;3254
1346;3286
1347;3101
1348;3223
1349;3285
1350;3101
1351;3343
1352;3283
1353;3100
1354;3254
1355;3285
1356;3161
1357;3224
1358;3283
1359;3102
1360;3253
1361;3283
1362;3100
1363;3315
1364;3283
1365;3102
1366;3253
1367;3285
1368;3100
1369;3253
1370;3284
1371;3102
1372;3222
1373;3284
1374;3090
1375;3367
1376;3341
1377;3270
1378;3217
1379;3284
1380;3039
1381;3346
1382;3283
1383;3100
1384;3221
1385;3283
1386;3039
1387;3315
1388;3384
1389;3377
1390;3287
1391;3315
1392;3042
1393;3286
1394;3284
1395;3104
1396;3286
1397;3283
1398;3034
1399;3181
1400;3283
1401;3040
1402;3216
1403;3286
1404;3272
1405;3279
1406;3314
1407;3113
1408;3279
1409;3284
1410;3081
1411;3284
1412;3283
1413;3040
1414;3277
1415;3283
1416;3041
1417;3201
1418;3284
1419;3039
1420;3228
1421;3316
1422;3072
1423;3223
1424;3314
1425;3270
1426;3278
1427;3284
1428;3040
1429;3347
1430;3315
1431;3308
1432;3244
1433;3284
1434;3078
1435;3138
1436;3284
1437;3039
1438;3341
1439;3313
1440;3038
1441;3348
1442;3282
1443;3039
1444;3216
1445;3285
1446;3039
1447;3285
1448;3283
1449;3038
1450;3130
1451;3283
1452;3101
1453;3192
1454;3284
1455;3285
1456;3140
1457;3285
1458;3102
1459;3314
1460;3284
1461;3100
1462;3253
1463;3285
1464;3017
1465;3112
1466;3268
1467;3090
1468;3250
1469;3285
1470;3270
1471;3277
1472;3283
1473;3100
1474;3345
1475;3286
1476;3100
1477;3253
1478;3284
1479;3100
1480;3314
1481;3283
1482;3265
1483;3159
1484;3283
1485;3100
1486;3283
1487;3284
1488;3102
1489;3284
1490;3284
1491;3099
1492;3283
1493;3352
1494;3099
1495;3192
1496;3284
1497;3299
1498;3190
1499;3282
1500;3099
1501;3405
1502;3281
1503;3036
1504;3191
1505;3310
1506;3342
1507;3170
1508;3343
1509;3099
1510;2832
1511;3299
1512;3084
1513;3299
1514;3264
1515;3084
1516;3297
1517;3268
1518;3084
1519;3298
1520;3270
1521;3083
1522;3329
1523;3267
1524;3083
1525;3360
1526;3267
1527;3085
1528;3238
1529;3265
1530;3084
1531;3267
1532;3266
1533;3084
1534;3296
1535;3265
1536;3085
1537;3268
1538;3609
1539;3087
1540;3301
1541;3269
1542;3086
1543;3298
1544;3269
1545;3085
1546;3298
1547;3267
1548;3085
1549;3177
1550;3269
1551;3056
1552;3269
1553;3269
1554;3086
1555;3294
1556;3298
1557;3084
1558;3267
1559;3270
1560;3084
1561;3295
1562;3268
1563;3085
1564;3238
1565;3268
1566;3085
1567;3268
1568;3268
1569;3086
1570;3300
1571;3303
1572;3086
1573;3329
1574;3269
1575;3084
1576;3329
1577;3267
1578;3087
1579;3301
1580;3267
1581;3085
1582;3298
1583;3269
1584;3084
1585;3300
1586;3270
1587;3087
1588;3240
1589;3269
1590;3084
1591;3298
1592;3270
1593;3299
1594;3208
1595;3270
1596;3084
1597;3237
1598;3329
1599;3086
1600;3308
1601;3267
1602;3081
1603;3238
1604;3269
1605;3084
1606;3054
1607;3214
1608;3115
1609;3209
1610;3269
1611;3115
1612;3267
1613;3269
1614;3117
1615;3239
1616;3269
1617;3118
1618;3179
1619;3269
1620;3118
1621;3211
1622;3268
1623;3117
1624;3008
1625;3269
1626;3269
1627;2928
1628;3219
1629;3269
1630;2963
1631;3270
1632;3292
1633;3038
1634;3269
1635;3268
1636;3239
1637;3269
1638;3272
1639;3117
1640;3269
1641;3269
1642;2886
1643;3233
1644;3269
1645;2888
1646;3272
1647;3271
1648;2864
1649;3223
1650;3270
1651;3246
1652;3269
1653;3265
1654;3024
1655;3269
1656;3269
1657;3026
1658;3550
1659;3268
1660;3116
1661;3238
1662;3269
1663;2856
1664;3263
1665;3269
1666;3025
1667;3270
1668;3269
1669;3025
1670;3270
1671;3268
1672;3025
1673;3270
1674;3269
1675;2957
1676;3285
1677;3269
1678;3054
1679;3125
1680;3269
1681;3026
1682;3240
1683;3269
1684;3025
1685;3188
1686;3269
1687;3086
1688;3300
1689;3268
1690;3249
1691;3208
1692;3269
1693;3087
1694;3179
1695;3270
1696;3087
1697;3240
1698;3268
1699;3084
1700;3300
1701;3274
1702;3086
1703;3238
1704;3270
1705;3088
1706;3271
1707;3270
1708;3086
1709;3270
1710;3272
1711;3087
1712;3302
1713;3271
1714;3089
1715;3301
1716;3271
1717;3086
1718;3270
1719;3270
1720;3087
1721;3239
1722;3270
1723;3119
1724;3240
1725;3272
1726;3118
1727;3147
1728;3269
1729;3089
1730;3301
1731;3269
1732;3117
1733;3238
1734;3708
1735;3109
1736;3327
1737;3270
1738;3117
1739;3240
1740;3270
1741;3085
1742;3300
1743;3270
1744;3087
1745;3300
1746;3272
1747;3327
1748;3240
1749;3271
1750;3301
1751;3272
1752;3269
1753;3026
1754;3302
1755;3272
1756;3027
1757;3157
1758;3269
1759;3087
1760;3239
1761;3271
1762;3087
1763;3302
1764;3267
1765;3087
1766;3333
1767;3241
1768;3256
1769;3269
1770;3270
1771;3088
1772;3332
1773;3270
1774;3087
1775;3239
1776;3271
1777;3087
1778;3271
1779;3270
1780;3115
1781;3323
1782;3271
1783;3088
1784;3240
1785;3271
1786;3088
1787;3241
1788;3272
1789;3088
1790;3333
1791;3270
1792;3087
1793;3300
1794;3272
1795;3304
1796;3302
1797;3270
1798;3087
1799;3180
1800;3270
1801;3289
1802;3271
1803;3271
1804;3088
1805;3147
1806;3271
1807;3272
1808;3157
1809;3271
1810;3308
1811;3238
1812;3270
1813;3088
1814;3177
1815;3271
1816;3088
1817;3241
1818;3272
1819;3088
1820;3240
1821;3300
1822;3088
1823;3330
1824;3272
1825;3217
1826;3236
1827;3271
1828;3027
1829;3240
1830;3272
1831;3090
1832;3275
1833;3272
1834;3090
1835;3242
1836;3271
1837;3089
1838;3268
1839;3270
1840;3089
1841;3301
1842;3273
1843;3088
1844;3301
1845;3271
1846;3241
1847;3242
1848;3272
1849;3088
1850;3301
1851;3271
1852;3090
1853;3303
1854;3271
1855;3089
1856;3301
1857;3273
1858;3120
1859;3301
1860;3273
1861;3089
1862;3302
1863;3270
1864;3119
1865;3302
1866;3270
1867;3089
1868;3303
1869;3271
1870;3090
1871;3358
1872;3271
1873;3089
1874;3272
1875;3269
1876;3088
1877;3243
1878;3271
1879;3088
1880;3303
1881;3272
1882;3089
1883;3302
1884;3271
1885;3088
1886;3302
1887;3271
1888;3089
1889;3332
1890;3271
1891;3089
1892;3304
1893;3272
1894;3090
1895;3271
1896;3271
1897;3089
1898;3302
1899;3271
1900;3090
1901;3302
1902;3271
1903;3088
1904;3302
1905;3271
1906;3089
1907;3272
1908;3272
1909;3090
1910;3304
1911;3272
1912;3089
1913;3302
1914;3272
1915;3179
1916;3359
1917;3276
1918;3090
1919;3242
1920;3272
1921;3088
1922;3272
1923;3272
1924;3090
1925;3241
1926;3272
1927;3090
1928;3303
1929;3334
1930;3310
1931;3181
1932;3296
1933;3089
1934;3242
1935;3271
1936;3090
1937;3272
1938;3273
1939;3089
1940;3241
1941;3272
1942;3090
1943;3302
1944;3271
1945;3089
1946;3303
1947;3272
1948;3093
1949;3272
1950;3273
1951;3091
1952;3305
1953;3274
1954;3089
1955;3271
1956;3272
1957;3304
1958;3243
1959;3272
1960;3091
1961;3324
1962;3271
1963;3090
1964;3241
1965;3274
1966;3090
1967;3272
1968;3274
1969;3091
1970;3242
1971;3273
1972;3090
1973;3303
1974;3272
1975;3088
1976;3302
1977;3274
1978;3089
1979;3302
1980;3274
1981;3272
1982;3251
1983;3272
1984;3090
1985;3271
1986;3272
1987;3256
1988;3181
1989;3272
1990;3090
1991;3271
1992;3311
1993;3091
1994;3243
1995;3274
1996;3091
1997;3244
1998;3274
1999;3090
2000;3304
2001;3273
2002;3090
2003;3304
2004;3305
2005;3279
2006;3233
2007;3271
2008;3030
2009;3241
2010;3273
2011;3089
2012;3274
2013;3272
2014;3090
2015;3243
2016;3273
2017;3089
2018;3335
2019;3271
2020;3089
2021;3270
2022;3272
2023;3092
2024;3305
2025;3273
2026;3089
2027;3306
2028;3273
2029;3092
2030;3303
2031;3272
2032;3091
2033;3301
2034;3272
2035;3091
2036;3304
2037;3273
2038;3115
2039;3242
2040;3272
2041;3120
2042;3305
2043;3273
2044;3089
2045;3302
2046;3272
2047;3090
2048;3304
2049;3273
2050;3257
2051;3263
2052;3272
2053;3089
2054;3181
2055;3274
2056;3089
2057;3273
2058;3275
2059;3091
2060;3244
2061;3273
2062;3093
2063;3303
2064;3273
2065;3091
2066;3304
2067;3273
2068;3305
2069;3181
2070;3274
2071;3091
2072;3275
2073;3273
2074;3092
2075;3243
2076;3304
2077;3090
2078;3303
2079;3273
2080;3090
2081;3276
2082;3273
2083;3091
2084;3274
2085;3272
2086;3089
2087;3273
2088;3273
2089;3090
2090;3304
2091;3273
2092;3092
2093;3305
2094;3274
2095;2909
2096;3283
2097;3273
2098;3143
2099;3187
2100;3272
2101;3121
2102;3213
2103;3275
2104;3123
2105;3244
2106;3274
2107;3121
2108;3243
2109;3274
2110;3124
2111;3303
2112;3273
2113;3121
2114;3152
2115;3272
2116;3120
2117;2779
2118;3236
2119;3274
2120;3122
2121;3275
2122;3275
2123;2980
2124;3178
2125;3274
2126;3153
2127;3275
2128;3282
2129;3226
2130;3273
2131;3282
2132;2878
2133;3275
2134;3273
2135;3061
2136;3274
2137;3271
2138;2877
2139;3278
2140;3274
2141;3218
2142;3243
2143;3275
2144;2999
2145;3273
2146;3274
2147;2846
2148;3273
2149;3275
2150;2907
2151;3274
2152;3275
2153;2954
2154;3207
2155;3274
2156;2936
2157;3194
2158;3305
2159;3000
2160;3277
2161;3273
2162;2989
2163;3296
2164;3275
2165;3058
2166;3287
2167;3274
2168;3033
2169;3197
2170;3276
2171;3091
2172;3305
2173;3274
2174;3092
2175;3307
2176;3275
2177;3030
2178;3243
2179;3274
2180;3091
2181;3305
2182;3306
2183;3029
2184;3305
2185;2773
2186;3144
2187;3165
2188;3341
2189;3120
2190;3245
2191;3276
2192;3292
2193;3244
2194;3274
2195;3092
2196;3304
2197;3274
2198;3094
2199;3337
2200;3274
2201;3091
2202;3274
2203;3274
2204;3092
2205;3304
2206;3274
2207;3092
2208;4104
2209;3275
2210;3048
2211;3268
2212;3276
2213;3030
2214;3138
2215;3276
2216;3035
2217;3305
2218;3275
2219;3030
2220;3182
2221;3274
2222;3091
2223;3466
2224;3184
2225;3260
2226;3275
2227;3275
2228;3029
2229;3306
2230;3275
2231;2886
2232;3214
2233;3276
2234;3078
2235;3305
2236;3274
2237;3092
2238;3494
2239;3244
2240;3092
2241;3245
2242;3305
2243;3092
2244;3248
2245;3275
2246;3229
2247;3306
2248;3276
2249;3030
2250;3162
2251;3781
2252;3177
2253;3342
2254;3275
2255;3109
2256;3254
2257;3276
2258;3030
2259;3305
2260;3276
2261;3245
2262;3283
2263;3329
2264;3156
2265;3191
2266;3275
2267;3030
2268;3142
2269;3274
2270;3060
2271;3152
2272;3274
2273;3092
2274;3184
2275;3350
2276;2926
2277;3274
2278;3277
2279;3279
2280;3250
2281;3275
2282;3307
2283;3336
2284;3274
2285;3031
2286;3212
2287;3275
2288;3092
2289;3245
2290;3275
2291;3091
2292;3244
2293;3276
2294;3092
2295;3245
2296;3273
2297;3092
2298;3306
2299;3309
2300;3092
2301;3275
2302;3274
2303;3092
2304;3274
2305;3277
2306;3091
2307;3307
2308;3276
2309;3092
2310;3275
2311;3275
2312;3094
2313;3246
2314;3275
2315;3091
2316;3306
2317;3275
2318;3092
2319;3276
2320;3275
2321;3079
2322;3307
2323;3276
2324;3092
2325;3305
2326;3275
2327;3307
2328;3276
2329;3276
2330;3090
2331;3244
2332;3279
2333;3091
2334;3244
2335;3275
2336;3091
2337;3275
2338;3277
2339;3092
2340;3274
2341;3275
2342;3257
2343;3275
2344;3306
2345;3092
2346;3184
2347;3277
2348;3092
2349;3244
2350;3274
2351;3091
2352;3305
2353;3275
2354;3274
2355;3184
2356;3272
2357;3092
2358;3247
2359;3276
2360;3092
2361;3278
2362;3276
2363;3092
2364;3245
2365;3350
2366;3339
2367;3247
2368;3278
2369;3092
2370;3185
2371;3307
2372;3091
2373;3309
2374;3307
2375;3091
2376;3185
2377;3275
2378;3094
2379;3244
2380;3276
2381;3092
2382;3277
2383;3276
2384;3092
2385;3245
2386;3276
2387;3091
2388;3277
2389;3276
2390;3092
2391;3306
2392;3276
2393;3092
2394;3332
2395;3275
2396;3092
2397;3275
2398;3276
2399;3092
2400;3616
2401;3275
2402;2993
2403;3122
2404;3274
2405;3092
2406;3245
2407;3275
2408;3276
2409;3323
2410;3276
2411;3307
2412;3371
2413;3274
2414;3216
2415;3308
2416;3250
2417;3247
2418;3273
2419;3276
2420;3033
2421;3279
2422;3277
2423;3002
2424;3277
2425;3276
2426;3064
2427;3277
2428;3279
2429;2990
2430;3268
2431;3612
2432;2914
2433;3189
2434;3278
2435;3030
2436;3283
2437;3308
2438;3031
2439;3199
2440;3276
2441;3093
2442;3307
2443;3277
2444;3092
2445;3276
2446;3277
2447;3092
2448;3307
2449;3490
2450;3224
2451;3183
2452;3276
2453;3113
2454;3283
2455;3257
2456;3221
2457;3216
2458;3277
2459;3033
2460;3164
2461;3275
2462;3032
2463;3340
2464;6366
2465;3217
2466;3276
2467;3092
2468;3243
2469;3674
2470;3032
2471;3307
2472;3275
2473;3032
2474;3247
2475;3276
2476;3032
2477;3246
2478;3276
2479;3162
2480;3153
2481;3275
2482;3094
2483;3246
2484;3183
2485;3073
2486;3306
2487;3275
2488;3096
2489;3307
2490;3276
2491;3094
2492;3306
2493;3276
2494;3434
2495;3159
2496;3276
2497;3095
2498;3276
2499;3185
2500;3094
2501;3283
2502;3276
2503;3093
2504;3246
2505;3277
2506;3279
2507;3160
2508;3277
2509;3092
2510;3306
2511;3276
2512;3093
2513;3276
2514;3277
2515;3092
2516;3307
2517;3277
2518;3094
2519;3307
2520;3276
2521;3093
2522;3275
2523;3276
2524;3096
2525;3307
2526;3308
2527;3093
2528;3283
2529;3274
2530;3093
2531;3246
2532;3276
2533;3093
2534;3306
2535;3276
2536;3094
2537;3339
2538;3275
2539;3259
2540;3184
2541;3276
2542;3310
2543;3130
2544;3278
2545;3353
2546;3301
2547;3275
2548;3038
2549;2464
2550;3306
2551;3260
2552;3215
2553;3275
2554;3123
2555;3215
2556;3276
2557;3310
2558;3278
2559;3277
2560;3332
2561;3286
2562;3276
2563;3093
2564;3307
2565;3278
2566;3277
2567;3184
2568;3275
2569;3094
2570;3276
2571;3276
2572;3093
2573;3276
2574;3275
2575;3274
2576;3195
2577;3277
2578;3094
2579;3277
2580;3276
2581;3094
2582;4591
2583;3276
2584;3004
2585;3194
2586;3276
2587;3002
2588;3247
2589;3276
2590;3159
2591;3317
2592;3276
2593;3002
2594;3194
2595;3278
2596;3001
2597;3373
2598;3276
2599;3129
2600;3278
2601;3276
2602;3004
2603;3217
2604;3278
2605;3061
2606;3187
2607;3337
2608;2972
2609;3137
2610;3276
2611;3094
2612;3214
2613;3277
2614;3093
2615;3309
2616;3277
2617;3281
2618;3292
2619;3280
2620;3032
2621;3284
2622;3277
2623;3033
2624;3276
2625;3277
2626;3034
2627;3247
2628;3276
2629;3063
2630;3308
2631;3277
2632;3279
2633;3306
2634;3276
2635;3053
2636;3336
2637;3277
2638;3032
2639;3307
2640;3276
2641;3032
2642;3245
2643;3278
2644;3093
2645;3185
2646;3276
2647;3279
2648;3222
2649;3276
2650;3093
2651;3307
2652;3311
2653;3032
2654;3306
2655;3279
2656;3033
2657;3245
2658;3279
2659;3094
2660;3185
2661;3278
2662;3127
2663;3192
2664;3276
2665;3124
2666;3245
2667;3277
2668;3096
2669;3308
2670;3277
2671;3122
2672;3273
2673;3279
2674;3092
2675;3309
2676;3278
2677;3094
2678;3247
2679;3276
2680;3095
2681;3165
2682;3307
2683;3094
2684;3342
2685;3277
2686;3093
2687;3309
2688;3273
2689;3093
2690;3309
2691;3310
2692;3095
2693;3277
2694;3185
2695;3279
2696;3306
2697;3276
2698;3845
2699;3207
2700;3247
2701;3222
2702;3356
2703;3276
2704;3066
2705;3246
2706;4013
2707;3155
2708;3278
2709;3400
2710;3216
2711;3226
2712;3277
2713;3277
2714;3281
2715;3276
2716;3248
2717;3276
2718;3277
2719;3003
2720;3277
2721;3276
2722;3184
2723;3279
2724;3277
2725;2966
2726;3265
2727;3275
2728;2882
2729;3556
2730;3277
2731;3215
2732;3277
2733;3278
2734;2954
2735;3243
2736;3277
2737;3186
2738;3277
2739;3277
2740;3034
2741;3307
2742;3277
2743;3186
2744;3313
2745;3276
2746;3217
2747;3278
2748;3276
2749;2880
2750;3277
2751;3277
2752;3093
2753;3277
2754;3277
2755;3216
2756;3278
2757;3278
2758;2880
2759;3278
2760;3277
2761;3126
2762;4989
2763;3035
2764;3305
2765;3249
2766;3200
2767;3288
2768;3277
2769;3094
2770;3228
2771;3287
2772;3034
2773;3185
2774;3278
2775;3093
2776;3187
2777;3554
2778;3063
2779;3309
2780;3279
2781;3034
2782;3279
2783;3281
2784;3032
2785;3246
2786;3278
2787;3003
2788;3158
2789;3278
2790;3095
2791;3246
2792;3278
2793;3094
2794;3309
2795;3278
2796;3094
2797;3277
2798;3278
2799;3094
2800;3277
2801;3277
2802;3094
2803;3247
2804;3279
2805;3094
2806;3280
2807;3277
2808;3096
2809;3309
2810;3277
2811;3094
2812;3277
2813;3277
2814;3095
2815;3073
2816;2973
2817;3199
2818;3216
2819;3277
2820;3124
2821;3212
2822;3278
2823;3125
2824;2913
2825;3193
2826;3278
2827;3033
2828;3277
2829;3279
2830;4080
2831;3247
2832;3125
2833;3167
2834;3528
2835;3094
2836;3279
2837;3311
2838;3124
2839;3309
2840;3277
2841;3094
2842;3308
2843;3249
2844;3093
2845;3277
2846;3278
2847;3308
2848;3217
2849;3277
2850;3093
2851;3247
2852;3279
2853;3094
2854;3309
2855;3277
2856;3097
2857;3268
2858;3278
2859;3033
2860;3145
2861;3098
2862;3317
2863;3205
2864;3278
2865;3115
2866;3249
2867;3308
2868;3123
2869;3247
2870;3277
2871;3097
2872;3248
2873;3281
2874;3094
2875;3311
2876;3277
2877;3124
2878;3186
2879;3277
2880;3094
2881;3278
2882;3279
2883;3095
2884;3406
2885;3313
2886;3312
2887;3283
2888;3281
2889;3254
2890;3166
2891;3281
2892;3266
2893;3329
2894;3313
2895;3284
2896;3282
2897;3281
2898;3342
2899;3282
2900;3311
2901;3342
2902;3312
2903;3283
2904;3343
2905;5951
2906;3412
2907;3312
2908;3312
2909;3003
2910;3312
2911;3281
2912;3341
2913;3313
2914;3312
2915;3312
2916;3311
2917;3311
2918;3282
2919;3281
2920;3312
2921;3342
2922;3282
2923;4347
2924;3162
2925;3277
2926;3308
2927;3186
2928;3280
2929;3096
2930;3214
2931;3279
2932;3097
2933;3248
2934;3278
2935;3095
2936;3248
2937;3280
2938;3248
2939;3249
2940;3279
2941;3095
2942;3247
2943;3279
2944;3126
2945;3247
2946;3279
2947;3097
2948;3247
2949;3280
2950;3096
2951;3325
2952;3279
2953;3267
2954;3195
2955;3277
2956;3233
2957;3311
2958;3310
2959;3095
2960;3308
2961;3278
2962;3034
2963;3307
2964;3279
2965;3098
2966;3309
2967;3277
2968;3248
2969;3280
2970;3277
2971;3036
2972;3218
2973;3278
2974;3096
2975;3307
2976;3279
2977;3034
2978;3341
2979;3279
2980;3093
2981;3310
2982;3281
2983;3037
2984;3308
2985;3278
2986;3066
2987;3309
2988;3277
2989;3034
2990;3187
2991;3278
2992;3096
2993;3248
2994;3279
2995;3355
2996;3250
2997;3280
2998;3117
2999;3249
3000;3281
3001;3094
3002;3251
3003;3279
3004;3096
3005;3333
3006;3278
3007;3096
3008;3246
3009;3279
3010;3098
3011;3309
3012;3305
3013;3095
3014;3250
3015;3279
3016;3095
3017;3342
3018;3278
3019;3096
3020;3247
3021;3277
3022;3249
3023;3187
3024;3279
3025;3036
3026;3307
3027;3277
3028;3036
3029;3158
3030;3279
3031;3096
3032;3340
3033;3279
3034;3095
3035;3186
3036;3278
3037;3279
3038;3197
3039;3277
3040;3096
3041;3106
3042;3307
3043;3094
3044;3365
3045;3280
3046;3097
3047;3251
3048;3279
3049;3095
3050;3249
3051;3279
3052;3095
3053;3280
3054;3279
3055;3101
3056;3280
3057;3280
3058;3096
3059;3280
3060;3280
3061;3095
3062;3279
3063;3279
3064;3096
3065;3280
3066;3281
3067;3095
3068;3309
3069;3279
3070;3095
3071;3278
3072;3338
3073;3264
3074;3154
3075;3279
3076;3094
3077;3249
3078;3281
3079;3097
3080;3281
3081;3278
3082;3096
3083;3248
3084;3279
3085;3064
3086;3023
3087;3339
3088;3125
3089;3130
3090;3278
3091;3126
3092;3186
3093;3279
3094;3143
3095;3180
3096;3280
3097;3127
3098;3279
3099;3279
3100;3127
3101;3249
3102;3277
3103;3189
3104;3280
3105;3279
3106;3127
3107;3216
3108;3279
3109;3127
3110;3247
3111;3280
3112;3127
3113;3218
3114;3279
3115;3280
3116;3188
3117;3279
3118;3126
3119;3248
3120;3279
3121;3126
3122;3278
3123;3280
3124;3263
3125;3281
3126;3281
3127;3127
3128;3248
3129;3280
3130;3126
3131;4846
3132;3309
3133;3034
3134;3281
3135;3279
3136;2942
3137;3197
3138;3276
3139;3034
3140;3281
3141;3280
3142;3251
3143;3280
3144;3279
3145;3096
3146;3406
3147;3283
3148;3157
3149;3281
3150;3279
3151;3003
3152;3338
3153;3279
3154;3254
3155;3279
3156;3280
3157;3127
3158;3278
3159;3279
3160;2820
3161;3414
3162;3341
3163;3158
3164;3279
3165;3280
3166;2863
3167;3280
3168;3312
3169;3376
3170;3277
3171;3279
3172;3126
3173;3279
3174;3278
3175;2912
3176;3177
3177;3404
3178;3218
3179;3281
3180;3283
3181;2852
3182;3288
3183;3280
3184;3190
3185;3278
3186;3309
3187;4057
3188;3308
3189;3126
3190;3066
3191;3281
3192;3277
3193;2974
3194;3311
3195;3278
3196;3249
3197;3281
3198;3280
3199;3248
3200;3280
3201;3125
3202;2944
3203;3278
3204;3277
3205;3249
3206;3280
3207;3280
3208;2970
3209;3233
3210;3279
3211;3187
3212;3281
3213;3278
3214;3220
3215;3281
3216;3279
3217;3017
3218;3186
3219;3281
3220;3187
3221;3279
3222;3740
3223;3219
3224;3281
3225;3127
3226;3220
3227;3281
3228;3309
3229;3256
3230;3280
3231;3126
3232;3221
3233;3281
3234;3124
3235;3218
3236;3280
3237;3401
3238;3198
3239;3281
3240;3127
3241;3199
3242;3312
3243;3125
3244;3219
3245;3311
3246;3126
3247;3219
3248;3280
3249;3125
3250;3219
3251;3279
3252;3738
3253;3198
3254;3279
3255;3098
3256;3248
3257;3280
3258;3097
3259;3248
3260;3280
3261;3097
3262;3247
3263;3279
3264;3097
3265;3084
3266;3267
3267;3295
3268;3249
3269;3278
3270;3096
3271;3310
3272;3377
3273;3097
3274;3248
3275;4078
3276;3037
3277;3278
3278;3278
3279;3128
3280;3279
3281;3278
3282;3289
3283;3372
3284;3278
3285;3095
3286;3279
3287;3279
3288;3097
3289;3280
3290;3416
3291;3000
3292;3281
3293;3279
3294;2943
3295;3068
3296;3314
3297;2992
3298;3269
3299;3282
3300;3036
3301;3286
3302;3278
3303;3034
3304;3842
3305;3278
3306;3806
3307;3313
3308;3284
3309;3373
3310;3313
3311;3311
3312;3394
3313;3346
3314;3348
3315;3282
3316;3313
3317;3312
3318;3220
3319;3313
3320;3312
3321;3314
3322;3313
3323;3282
3324;3221
3325;3313
3326;3312
3327;3223
3328;3280
3329;3282
3330;2587
3331;3279
3332;3096
3333;3249
3334;3279
3335;3123
3336;3249
3337;3281
3338;3279
3339;3318
3340;3341
3341;3220
3342;3229
3343;3311
3344;3095
3345;3251
3346;3279
3347;3280
3348;3188
3349;3279
3350;3096
3351;3248
3352;3280
3353;3097
3354;3279
3355;3057
3356;3048
3357;3218
3358;3280
3359;3125
3360;3218
3361;3280
3362;3129
3363;3219
3364;3280
3365;3129
3366;3249
3367;3313
3368;3263
3369;3219
3370;3249
3371;3094
3372;3284
3373;3280
3374;3281
3375;3201
3376;3279
3377;3313
3378;3310
3379;3278
3380;3036
3381;3309
3382;3280
3383;3124
3384;3247
3385;3279
3386;3093
3387;3310
3388;3279
3389;3096
3390;3310
3391;3279
3392;3037
3393;3309
3394;3280
3395;3097
3396;3310
3397;3278
3398;3282
3399;3295
3400;3278
3401;3251
3402;3317
3403;3278
3404;3055
3405;3289
3406;3278
3407;3034
3408;3200
3409;3279
3410;3098
3411;3248
3412;3281
3413;3096
3414;3249
3415;3280
3416;3036
3417;3310
3418;3279
3419;3281
3420;3310
3421;3279
3422;3097
3423;3147
3424;3276
3425;3036
3426;3249
3427;3280
3428;3247
3429;3310
3430;3309
3431;3095
3432;3209
3433;3310
3434;3036
3435;3248
3436;3310
3437;3037
3438;3128
3439;3278
3440;3098
3441;3186
3442;3279
3443;3097
3444;3248
3445;3044
3446;3093
3447;3303
3448;3309
3449;3096
3450;3310
3451;3280
3452;3314
3453;3255
3454;3279
3455;3282
3456;3196
3457;3279
3458;3098
3459;3248
3460;3344
3461;3097
3462;3221
3463;3280
3464;3097
3465;3249
3466;3311
3467;3095
3468;3273
3469;3281
3470;3097
3471;3221
3472;3280
3473;3097
3474;3314
3475;3278
3476;3097
3477;3192
3478;3279
3479;3095
3480;3309
3481;3309
3482;3096
3483;3219
3484;3278
3485;3096
3486;3305
3487;3279
3488;3280
3489;3164
3490;3279
3491;3096
3492;3333
3493;3278
3494;3096
3495;3218
3496;3280
3497;3096
3498;3251
3499;3311
3500;3280
3501;3249
3502;3281
3503;3036
3504;3187
3505;3279
3506;3096
3507;3250
3508;3280
3509;3096
3510;3278
3511;3283
3512;3096
3513;3248
3514;3280
3515;3096
3516;3310
3517;3279
3518;3097
3519;3248
3520;3314
3521;3093
3522;3248
3523;3280
3524;3097
3525;3311
3526;3279
3527;3097
3528;3248
3529;3279
3530;3315
3531;3188
3532;3249
3533;3281
3534;3136
3535;3030
3536;3166
3537;3402
3538;3310
3539;3279
3540;3198
3541;3280
3542;3097
3543;3249
3544;3281
3545;3264
3546;3279
3547;3278
3548;3097
3549;3248
3550;3311
3551;3097
3552;3219
3553;3280
3554;3096
3555;3186
3556;3280
3557;3098
3558;3249
3559;3279
3560;3096
3561;3247
3562;3281
3563;3096
3564;3248
3565;3278
3566;3096
3567;3309
3568;3279
3569;3096
3570;3309
3571;3281
3572;3097
3573;3250
3574;4013
3575;3062
3576;3138
3577;3275
3578;3198
3579;3323
3580;3279
3581;3129
3582;3288
3583;3281
3584;3315
3585;3280
3586;3278
3587;3012
3588;3252
3589;3250
3590;3033
3591;3138
3592;3280
3593;3619
3594;3282
3595;3279
3596;3189
3597;3280
3598;3279
3599;3005
3600;3203
3601;3310
3602;3192
3603;3286
3604;3279
3605;3319
3606;3243
3607;3312
3608;2897
3609;3249
3610;3278
3611;3125
3612;3281
3613;3279
3614;3007
3615;3251
3616;3279
3617;3007
3618;3283
3619;3279
3620;2996
3621;3176
3622;3310
3623;3036
3624;3291
3625;3243
3626;3281
3627;3283
3628;3252
3629;3072
3630;3192
3631;3278
3632;3036
3633;3281
3634;3279
3635;3036
3636;3248
3637;3282
3638;3037
3639;3339
3640;3278
3641;3097
3642;3249
3643;3280
3644;3037
3645;3186
3646;4533
3647;2978
3648;3280
3649;3280
3650;3188
3651;3282
3652;3280
3653;2895
3654;3186
3655;3279
3656;3036
3657;3280
3658;3281
3659;3006
3660;3284
3661;3432
3662;2948
3663;3194
3664;3280
3665;3222
3666;3280
3667;3280
3668;3254
3669;3281
3670;3279
3671;3158
3672;3346
3673;3306
3674;3005
3675;3346
3676;3279
3677;3006
3678;3281
3679;3278
3680;3313
3681;3281
3682;3279
3683;3159
3684;3280
3685;3278
3686;2862
3687;3252
3688;3280
3689;3036
3690;3283
3691;3282
3692;3036
3693;3283
3694;3280
3695;3006
3696;3282
3697;3278
3698;3252
3699;3280
3700;3279
3701;3326
3702;3282
3703;3280
3704;3020
3705;3249
3706;3281
3707;3097
3708;3282
3709;3280
3710;3098
3711;3313
3712;3280
3713;3097
3714;3282
3715;3279
3716;3301
3717;3344
3718;3278
3719;3035
3720;3281
3721;3313
3722;2860
3723;3193
3724;3276
3725;3159
3726;3283
3727;3312
3728;3053
3729;3303
3730;3278
3731;3129
3732;3284
3733;3281
3734;3098
3735;3311
3736;3279
3737;3292
3738;3280
3739;3279
3740;3128
3741;3282
3742;3306
3743;2942
3744;3292
3745;3279
3746;3005
3747;3281
3748;3278
3749;3223
3750;3281
3751;3282
3752;3188
3753;3279
3754;3280
3755;3098
3756;3282
3757;3282
3758;3097
3759;3281
3760;3338
3761;2890
3762;3259
3763;3279
3764;3098
3765;3288
3766;3279
3767;3250
3768;3279
3769;3282
3770;3188
3771;3280
3772;3281
3773;3188
3774;3281
3775;3280
3776;2802
3777;3248
3778;3280
3779;3036
3780;3461
3781;3280
3782;3069
3783;3281
3784;3280
3785;3066
3786;3199
3787;3187
3788;3219
3789;3279
3790;3280
3791;3005
3792;3281
3793;3278
3794;3128
3795;3280
3796;3281
3797;2823
3798;3279
3799;3280
3800;2868
3801;3280
3802;3279
3803;2879
3804;3235
3805;3282
3806;3304
3807;3347
3808;3281
3809;3037
3810;3280
3811;3281
3812;3006
3813;3230
3814;3281
3815;3190
3816;3279
3817;3621
3818;2946
3819;3281
3820;3279
3821;3099
3822;3281
3823;3280
3824;2946
3825;3279
3826;3281
3827;2975
3828;3280
3829;3312
3830;3219
3831;3280
3832;3252
3833;3230
3834;3279
3835;3279
3836;3129
3837;3281
3838;3280
3839;2875
3840;3237
3841;3281
3842;3006
3843;3283
3844;3312
3845;2947
3846;3198
3847;3281
3848;3038
3849;3283
3850;3279
3851;3281
3852;3347
3853;3280
3854;3005
3855;3200
3856;3280
3857;3008
3858;3199
3859;3280
3860;3251
3861;3281
3862;3280
3863;2945
3864;3291
3865;3280
3866;3071
3867;3136
3868;3279
3869;3035
3870;3249
3871;3281
3872;3097
3873;3248
3874;3310
3875;3035
3876;3310
3877;3343
3878;3037
3879;3198
3880;3280
3881;3098
3882;3249
3883;3282
3884;3096
3885;3219
3886;3279
3887;3097
3888;3711
3889;3281
3890;3096
3891;3328
3892;3342
3893;3071
3894;3134
3895;3279
3896;3323
3897;3060
3898;3279
3899;3265
3900;3236
3901;3279
3902;3036
3903;3313
3904;3317
3905;3067
3906;3310
3907;3403
3908;3037
3909;3325
3910;3282
3911;3040
3912;3223
3913;3280
3914;3036
3915;3279
3916;3279
3917;3036
3918;3248
3919;3310
3920;3035
3921;3310
3922;3311
3923;3098
3924;3187
3925;3279
3926;3097
3927;3312
3928;3280
3929;3097
3930;3310
3931;3312
3932;3036
3933;3310
3934;3280
3935;3097
3936;3312
3937;3282
3938;3093
3939;3251
3940;3281
3941;3035
3942;3230
3943;3281
3944;3097
3945;3188
3946;3281
3947;3096
3948;3249
3949;3280
3950;3098
3951;3249
3952;3279
3953;3098
3954;3280
3955;3281
3956;3097
3957;3280
3958;3279
3959;3096
3960;3313
3961;3280
3962;3311
3963;3252
3964;3313
3965;3281
3966;3311
3967;3280
3968;3202
3969;3294
3970;3280
3971;3036
3972;3293
3973;3280
3974;3097
3975;3149
3976;3281
3977;3097
3978;3251
3979;3280
3980;3233
3981;3295
3982;3279
3983;3037
3984;3311
3985;3279
3986;3318
3987;3345
3988;3278
3989;3065
3990;4235
3991;3282
3992;3036
3993;3281
3994;3282
3995;3097
3996;3281
3997;3279
3998;2803
3999;3249
4000;3280
4001;3037
4002;3282
4003;3280
4004;2944
4005;3202
4006;3281
4007;2951
4008;3257
4009;3279
4010;3062
4011;3145
4012;3307
4013;3034
4014;3126
4015;3302
4016;3063
4017;3217
4018;3280
4019;3035
4020;3172
4021;3314
4022;3036
4023;3170
4024;3554
4025;3096
4026;3254
4027;3280
4028;3250
4029;3197
4030;3279
4031;3037
4032;3228
4033;3279
4034;3097
4035;3306
4036;3278
4037;3281
4038;3294
4039;3191
4040;3100
4041;3280
4042;3249
4043;3036
4044;3169
4045;3279
4046;3097
4047;3217
4048;3281
4049;3313
4050;3317
4051;3282
4052;3301
4053;3155
4054;3279
4055;3266
4056;3141
4057;3279
4058;3235
4059;3182
4060;3279
4061;3202
4062;3295
4063;3289
4064;3188
4065;3287
4066;3280
4067;3099
4068;3137
4069;3280
4070;3036
4071;3248
4072;3279
4073;3100
4074;3249
4075;3279
4076;3157
4077;3286
4078;3280
4079;3097
4080;3164
4081;3342
4082;3251
4083;3230
4084;3280
4085;3096
4086;3310
4087;3279
4088;3338
4089;3142
4090;3280
4091;3037
4092;3279
4093;3281
4094;3331
4095;3150
4096;3279
4097;3038
4098;3184
4099;3280
4100;3034
4101;3310
4102;3281
4103;3099
4104;3248
4105;3311
4106;3280
4107;3167
4108;3279
4109;3037
4110;3341
4111;3312
4112;3234
4113;3182
4114;3279
4115;3036
4116;3250
4117;3310
4118;3265
4119;3296
4120;3279
4121;3036
4122;3351
4123;3279
4124;3096
4125;3191
4126;3282
4127;3233
4128;3325
4129;3280
4130;3147
4131;3152
4132;3280
4133;3037
4134;3280
4135;3280
4136;3036
4137;3188
4138;3279
4139;3097
4140;3311
4141;3281
4142;3265
4143;3330
4144;3344
4145;3039
4146;3294
4147;3280
4148;3033
4149;3149
4150;3280
4151;3035
4152;3250
4153;3312
4154;3036
4155;3250
4156;3280
4157;3100
4158;3189
4159;3279
4160;3096
4161;3248
4162;3280
4163;3281
4164;3137
4165;3279
4166;3181
4167;3244
4168;3278
4169;3286
4170;3157
4171;3284
4172;3345
4173;3340
4174;3281
4175;3036
4176;3310
4177;3279
4178;3039
4179;3227
4180;3280
4181;3095
4182;3250
4183;3280
4184;3100
4185;3188
4186;3281
4187;3096
4188;3154
4189;3280
4190;3096
4191;3252
4192;3280
4193;3096
4194;3280
4195;3275
4196;3095
4197;3280
4198;3280
4199;3007
4200;3311
4201;3283
4202;3281
4203;3326
4204;3314
4205;3315
4206;3375
4207;3315
4208;3262
4209;3224
4210;3314
4211;3308
4212;3389
4213;3343
4214;3098
4215;3291
4216;3313
4217;3345
4218;3314
4219;3283
4220;3283
4221;3284
4222;3314
4223;3100
4224;3313
4225;3312
4226;3268
4227;3316
4228;3282
4229;3071
4230;3313
4231;3317
4232;3284
4233;3315
4234;3283
4235;3344
4236;3313
4237;3314
4238;3224
4239;3314
4240;3313
4241;3305
4242;3314
4243;3283
4244;3283
4245;3282
4246;3283
4247;3284
4248;3315
4249;3315
4250;3314
4251;3313
4252;3313
4253;3222
4254;3314
4255;3282
4256;3374
4257;5242
4258;3314
4259;3379
4260;3347
4261;3466
4262;3251
4263;3312
4264;3313
4265;3281
4266;3311
4267;3314
4268;3250
4269;3281
4270;3312
4271;3314
4272;3282
4273;3311
4274;3328
4275;3312
4276;3285
4277;3283
4278;3312
4279;3345
4280;3317
4281;3313
4282;3252
4283;3313
4284;3312
4285;3345
4286;3313
4287;3282
4288;3129
4289;3312
4290;3283
4291;3223
4292;3283
4293;3314
4294;3099
4295;3312
4296;3282
4297;3253
4298;3191
4299;3280
4300;3036
4301;3281
4302;3349
4303;2945
4304;3282
4305;3241
4306;3130
4307;3284
4308;3311
4309;3040
4310;3279
4311;3313
4312;3067
4313;3282
4314;3340
4315;3021
4316;3184
4317;3280
4318;2957
4319;3284
4320;3280
4321;3005
4322;3282
4323;3282
4324;2894
4325;3191
4326;3281
4327;3038
4328;3283
4329;3281
4330;3023
4331;3283
4332;3280
4333;2953
4334;3198
4335;3283
4336;3036
4337;3150
4338;3280
4339;3037
4340;3219
4341;3282
4342;3337
4343;3152
4344;3283
4345;3361
4346;3372
4347;3012
4348;3037
4349;3339
4350;3311
4351;3099
4352;3200
4353;3280
4354;3203
4355;3277
4356;3280
4357;3189
4358;3174
4359;3281
4360;3036
4361;3281
4362;3277
4363;3035
4364;3139
4365;3282
4366;3100
4367;3249
4368;3280
4369;3098
4370;3219
4371;3282
4372;3281
4373;3310
4374;3281
4375;3253
4376;3341
4377;3281
4378;3037
4379;3344
4380;3280
4381;3266
4382;3276
4383;3282
4384;3134
4385;3135
4386;3281
4387;3036
4388;3202
4389;3311
4390;3282
4391;3200
4392;3320
4393;3097
4394;3343
4395;3281
4396;3036
4397;3282
4398;3280
4399;3098
4400;3281
4401;3281
4402;3097
4403;3281
4404;3282
4405;3074
4406;3252
4407;3280
4408;3035
4409;3244
4410;3281
4411;3098
4412;3251
4413;3282
4414;3098
4415;3342
4416;3283
4417;3099
4418;3189
4419;3281
4420;3283
4421;3198
4422;3280
4423;3036
4424;3156
4425;3281
4426;3129
4427;3168
4428;3280
4429;3098
4430;3281
4431;3282
4432;3098
4433;3280
4434;3281
4435;3284
4436;3313
4437;3350
4438;3098
4439;3281
4440;3281
4441;3096
4442;3313
4443;3286
4444;3098
4445;3250
4446;3313
4447;3264
4448;3135
4449;3283
4450;3036
4451;3158
4452;3281
4453;3097
4454;3250
4455;3284
4456;3098
4457;3219
4458;3282
4459;3098
4460;3280
4461;3281
4462;3097
4463;3318
4464;3314
4465;3098
4466;3250
4467;3280
4468;3098
4469;3219
4470;3281
4471;3037
4472;3230
4473;3281
4474;3097
4475;3314
4476;3281
4477;3282
4478;3292
4479;3281
4480;3099
4481;3311
4482;3629
4483;3277
4484;3298
4485;3313
4486;3105
4487;3224
4488;3284
4489;3319
4490;3284
4491;3373
4492;3159
4493;3284
4494;3282
4495;3558
4496;3281
4497;3281
4498;3220
4499;3313
4500;3280
4501;2916
4502;3812
4503;3283
4504;2976
4505;3281
4506;3280
4507;3402
4508;3251
4509;3282
4510;2947
4511;3279
4512;3279
4513;2928
4514;3281
4515;3282
4516;2884
4517;3281
4518;3314
4519;2852
4520;3234
4521;3315
4522;3068
4523;3199
4524;3311
4525;3037
4526;3311
4527;3318
4528;2959
4529;3186
4530;3280
4531;3175
4532;3186
4533;3313
4534;2997
4535;3182
4536;3281
4537;3343
4538;3201
4539;3283
4540;3077
4541;3160
4542;3281
4543;3096
4544;3184
4545;3280
4546;3065
4547;3312
4548;3280
4549;3037
4550;3191
4551;3281
4552;3098
4553;3342
4554;3281
4555;3301
4556;3274
4557;3342
4558;3116
4559;3206
4560;3280
4561;3097
4562;3192
4563;3282
4564;3038
4565;3253
4566;3351
4567;3038
4568;3221
4569;3281
4570;3036
4571;3341
4572;3323
4573;3123
4574;3340
4575;3281
4576;3037
4577;3284
4578;3281
4579;3265
4580;3275
4581;3280
4582;3037
4583;3153
4584;3281
4585;3037
4586;3169
4587;3282
4588;3126
4589;3189
4590;3279
4591;3037
4592;3220
4593;3281
4594;3098
4595;3281
4596;3254
4597;3098
4598;3311
4599;3281
4600;3098
4601;3280
4602;3281
4603;3097
4604;3280
4605;3280
4606;3100
4607;3312
4608;3280
4609;3097
4610;3251
4611;3316
4612;3098
4613;3311
4614;3311
4615;3098
4616;3378
4617;3413
4618;3097
4619;3251
4620;3283
4621;3100
4622;3250
4623;3283
4624;3097
4625;3313
4626;3285
4627;3314
4628;3274
4629;3280
4630;3078
4631;3305
4632;3281
4633;3142
4634;3312
4635;3281
4636;3037
4637;3244
4638;3281
4639;3192
4640;3139
4641;3317
4642;3070
4643;3186
4644;3343
4645;3101
4646;3161
4647;3312
4648;3036
4649;3251
4650;3281
4651;3034
4652;3342
4653;3284
4654;3099
4655;3190
4656;3281
4657;3097
4658;3341
4659;3306
4660;3317
4661;3138
4662;3288
4663;3035
4664;3251
4665;3280
4666;3038
4667;3342
4668;3283
4669;3039
4670;3373
4671;3281
4672;3036
4673;3311
4674;3277
4675;3097
4676;3220
4677;3280
4678;3097
4679;3343
4680;3284
4681;3034
4682;3345
4683;3280
4684;3264
4685;3216
4686;4030
4687;3287
4688;3312
4689;3332
4690;3299
4691;3314
4692;3314
4693;3068
4694;3312
4695;3314
4696;2946
4697;3282
4698;3312
4699;2976
4700;3312
4701;3315
4702;3159
4703;3283
4704;3318
4705;3176
4706;3104
4707;3385
4708;3345
4709;3369
4710;3314
4711;3315
4712;2946
4713;3281
4714;3280
4715;3130
4716;3280
4717;3282
4718;2947
4719;3282
4720;3281
4721;3099
4722;3281
4723;3281
4724;3099
4725;3280
4726;3282
4727;2801
4728;3282
4729;3282
4730;2960
4731;3216
4732;3281
4733;3141
4734;3281
4735;3283
4736;2944
4737;3251
4738;3281
4739;3222
4740;3283
4741;3281
4742;3189
4743;3231
4744;3280
4745;2977
4746;3282
4747;3281
4748;3007
4749;3282
4750;3281
4751;2953
4752;3236
4753;3313
4754;3007
4755;3281
4756;3309
4757;3009
4758;3200
4759;3282
4760;3256
4761;3282
4762;3281
4763;3071
4764;3284
4765;3280
4766;3285
4767;3283
4768;3282
4769;3252
4770;3199
4771;3280
4772;2949
4773;3230
4774;3282
4775;3160
4776;3284
4777;3312
4778;3297
4779;3218
4780;3282
4781;3008
4782;3313
4783;3281
4784;3070
4785;3283
4786;3282
4787;3000
4788;3177
4789;3281
4790;3038
4791;3275
4792;3282
4793;3039
4794;3232
4795;3281
4796;3112
4797;3457
4798;3286
4799;3076
4800;3259
4801;3280
4802;3053
4803;3162
4804;3281
4805;3098
4806;3344
4807;3281
4808;3098
4809;3344
4810;3280
4811;3098
4812;3135
4813;3281
4814;3037
4815;3159
4816;3282
4817;3220
4818;3139
4819;3283
4820;3283
4821;3136
4822;3281
4823;3097
4824;3283
4825;3282
4826;3098
4827;3281
4828;3282
4829;3097
4830;3281
4831;3280
4832;3265
4833;3283
4834;3281
4835;3099
4836;3282
4837;3283
4838;3036
4839;3232
4840;3281
4841;3098
4842;3198
4843;3342
4844;3099
4845;3220
4846;3312
4847;3038
4848;3312
4849;3281
4850;3313
4851;3313
4852;3281
4853;3312
4854;3146
4855;3283
4856;3038
4857;3169
4858;3281
4859;3100
4860;3220
4861;3311
4862;3098
4863;3280
4864;3282
4865;3098
4866;3282
4867;3283
4868;3097
4869;3280
4870;3284
4871;3100
4872;3312
4873;3282
4874;3098
4875;3251
4876;3282
4877;3099
4878;3281
4879;3283
4880;3098
4881;3282
4882;3282
4883;3100
4884;3282
4885;3280
4886;3182
4887;3047
4888;3313
4889;3100
4890;3771
4891;3281
4892;3036
4893;3157
4894;3345
4895;3038
4896;3314
4897;3282
4898;3039
4899;3137
4900;3280
4901;3097
4902;3250
4903;3283
4904;3100
4905;3251
4906;3281
4907;3097
4908;3281
4909;3315
4910;3099
4911;3253
4912;3281
4913;3040
4914;3342
4915;3282
4916;3098
4917;3280
4918;3283
4919;3281
4920;3232
4921;3280
4922;3098
4923;3312
4924;3281
4925;3314
4926;3199
4927;3281
4928;3034
4929;3279
4930;3283
4931;3039
4932;3165
4933;3348
4934;3098
4935;3341
4936;3317
4937;3098
4938;3251
4939;3314
4940;3037
4941;3281
4942;3281
4943;3338
4944;3211
4945;3314
4946;3285
4947;3174
4948;3281
4949;3038
4950;3187
4951;3279
4952;3255
4953;3173
4954;3283
4955;3036
4956;3343
4957;3282
4958;3068
4959;3345
4960;3282
4961;3100
4962;3247
4963;3280
4964;3037
4965;3309
4966;3284
4967;3040
4968;3190
4969;3281
4970;3098
4971;3311
4972;3283
4973;3098
4974;3222
4975;3284
4976;3180
4977;3247
4978;3344
4979;3038
4980;3256
4981;3281
4982;3034
4983;3311
4984;3281
4985;3098
4986;3313
4987;3284
4988;3037
4989;3312
4990;3272
4991;3099
4992;3313
4993;3280
4994;3098
4995;3250
4996;3248
4997;3097
4998;3157
4999;3281
5000;3281
