count;dtBaro
1;3081
2;3276
3;2864
4;3208
5;3285
6;3186
7;3276
8;3276
9;3033
10;3238
11;3277
12;2902
13;3291
14;3276
15;3034
16;3279
17;3278
18;2945
19;3194
20;3276
21;3006
22;3192
23;2828
24;3095
25;3308
26;3278
27;3096
28;3307
29;3276
30;3095
31;3306
32;3278
33;3246
34;3307
35;3280
36;3063
37;3307
38;3279
39;3200
40;3293
41;3279
42;3064
43;3219
44;3272
45;3095
46;3310
47;3270
48;3096
49;3291
50;3271
51;3034
52;3277
53;3276
54;3093
55;3279
56;3279
57;3094
58;3307
59;3276
60;3034
61;3245
62;3277
63;3094
64;3246
65;3279
66;3095
67;3307
68;3317
69;3094
70;3308
71;3277
72;3033
73;3216
74;3278
75;3096
76;3337
77;3277
78;3033
79;3308
80;3277
81;3091
82;3308
83;3279
84;3094
85;3308
86;3276
87;3033
88;3165
89;3246
90;3094
91;3277
92;3307
93;3093
94;3276
95;3376
96;3095
97;3185
98;3277
99;3091
100;3279
101;3277
102;3095
103;3280
104;3276
105;3095
106;3278
107;3279
108;3094
109;3277
110;3277
111;3096
112;3276
113;3316
114;3094
115;3247
116;3276
117;3094
118;3246
119;3279
120;3094
121;3307
122;3277
123;3093
124;3305
125;3276
126;3132
127;3215
128;3232
129;3087
130;3339
131;3278
132;3096
133;3307
134;3277
135;3124
136;3248
137;3277
138;3094
139;3307
140;3276
141;3094
142;3308
143;3276
144;3125
145;3248
146;3277
147;3125
148;3247
149;3277
150;3127
151;3246
152;3277
153;3124
154;3248
155;3277
156;3094
157;3309
158;3349
159;3118
160;3247
161;3278
162;3278
163;3186
164;3277
165;3126
166;3214
167;3278
168;3093
169;3276
170;3278
171;3095
172;3277
173;3278
174;3096
175;3304
176;3277
177;3127
178;3247
179;3277
180;3125
181;3277
182;3277
183;3124
184;3278
185;3376
186;3152
187;3167
188;3278
189;3094
190;3277
191;3276
192;3094
193;3185
194;3275
195;3106
196;3307
197;3277
198;3216
199;3196
200;3277
201;3277
202;3246
203;3377
204;3095
205;3246
206;3276
207;3094
208;3185
209;3278
210;3277
211;3309
212;3278
213;3277
214;3276
215;3277
216;3170
217;3153
218;3278
219;3217
220;3279
221;3277
222;3168
223;3184
224;3277
225;3216
226;3286
227;3275
228;3306
229;3126
230;3277
231;3200
232;3244
233;3277
234;3034
235;3294
236;3276
237;3033
238;3276
239;3307
240;3036
241;3310
242;3276
243;3036
244;3247
245;3277
246;3033
247;3188
248;3073
249;3155
250;3307
251;3278
252;3094
253;3280
254;3277
255;3279
256;3195
257;3278
258;3095
259;3246
260;3277
261;3095
262;3277
263;3277
264;3095
265;3272
266;3277
267;3093
268;3307
269;3276
270;3094
271;3307
272;3276
273;3093
274;3307
275;2702
276;3174
277;3208
278;3272
279;3124
280;3246
281;3277
282;3124
283;3339
284;3277
285;3125
286;3313
287;3278
288;3125
289;3278
290;3279
291;3124
292;3247
293;3148
294;3120
295;3246
296;3277
297;3124
298;2821
299;3194
300;3278
301;3247
302;3277
303;3278
304;3246
305;3277
306;3280
307;3003
308;3279
309;3277
310;3065
311;3276
312;3342
313;3187
314;3277
315;3278
316;3247
317;3276
318;3127
319;3032
320;3277
321;3277
322;3186
323;3277
324;3277
325;3064
326;3275
327;3277
328;3216
329;3277
330;3278
331;3247
332;3277
333;3124
334;3276
335;3276
336;3125
337;3203
338;3339
339;3290
340;3176
341;3276
342;3125
343;3280
344;3277
345;3258
346;3247
347;3277
348;3123
349;3245
350;3277
351;3307
352;3184
353;3277
354;3125
355;3247
356;3278
357;3126
358;3307
359;3276
360;3124
361;3216
362;3278
363;3125
364;3309
365;3044
366;3150
367;3247
368;3278
369;3308
370;3247
371;3278
372;3124
373;3246
374;3271
375;3126
376;3245
377;3277
378;3124
379;3246
380;3276
381;3124
382;3185
383;3276
384;3321
385;3156
386;3276
387;3125
388;3195
389;3277
390;3124
391;3246
392;3277
393;3124
394;3093
395;3245
396;3280
397;2818
398;3248
399;3279
400;3186
401;3276
402;3278
403;3070
404;3279
405;3277
406;3308
407;3277
408;3278
409;3215
410;3278
411;3126
412;3218
413;3002
414;3247
415;2955
416;3088
417;3279
418;3155
419;3304
420;3279
421;3026
422;3230
423;3279
424;2881
425;3307
426;3277
427;3004
428;3277
429;3359
430;3065
431;3279
432;3278
433;3277
434;3277
435;3276
436;2814
437;3277
438;3278
439;3032
440;3278
441;3278
442;2899
443;3176
444;3279
445;2956
446;3248
447;3278
448;3065
449;3292
450;3770
451;3155
452;3276
453;3286
454;2973
455;3114
456;3278
457;2948
458;3189
459;3276
460;3056
461;3286
462;3277
463;3033
464;3165
465;3277
466;3033
467;3310
468;3278
469;3094
470;3312
471;3276
472;3096
473;3247
474;3333
475;3094
476;3247
477;3278
478;3093
479;3247
480;3279
481;3091
482;3308
483;3272
484;3277
485;3309
486;3275
487;3277
488;3286
489;3271
490;3033
491;3248
492;3277
493;3272
494;3202
495;3277
496;3093
497;3226
498;3277
499;3095
500;3311
501;3277
502;3033
503;3308
504;3277
505;3281
506;3284
507;3276
508;3033
509;3151
510;3278
511;3032
512;3135
513;3291
514;3032
515;3308
516;3289
517;3032
518;3169
519;3346
520;3034
521;3308
522;3278
523;3033
524;3247
525;3106
526;3095
527;3247
528;3248
529;3094
530;3246
531;3279
532;3094
533;3279
534;3277
535;3096
536;3279
537;3277
538;3093
539;3307
540;3277
541;3093
542;3277
543;3276
544;3093
545;3322
546;3278
547;3093
548;3246
549;3309
550;3093
551;3279
552;3277
553;3003
554;3305
555;3276
556;3093
557;3308
558;3277
559;3094
560;3278
561;3233
562;3125
563;3307
564;3374
565;3096
566;3277
567;3280
568;3093
569;3246
570;3279
571;3094
572;3277
573;3277
574;3093
575;3279
576;3277
577;3094
578;3245
579;3277
580;3094
581;3278
582;3277
583;3124
584;3249
585;3276
586;3124
587;3310
588;3278
589;3124
590;3248
591;3278
592;3094
593;3278
594;3278
595;3089
596;3308
597;3277
598;3089
599;3278
600;3277
601;3124
602;3277
603;3277
604;3124
605;3276
606;3276
607;3093
608;3276
609;3347
610;3095
611;3279
612;3278
613;3246
614;3258
615;3278
616;3124
617;3246
618;3277
619;3124
620;3247
621;3279
622;3125
623;3246
624;3278
625;3126
626;3336
627;3277
628;3124
629;3248
630;3274
631;3094
632;3246
633;3277
634;3262
635;3381
636;3277
637;3033
638;3274
639;3278
640;3058
641;3200
642;3279
643;3246
644;3308
645;3278
646;3093
647;3308
648;3277
649;3307
650;3138
651;3278
652;3217
653;3308
654;3345
655;3209
656;3220
657;3276
658;3124
659;3288
660;3278
661;3122
662;3290
663;3277
664;3130
665;3160
666;3277
667;3245
668;3289
669;3278
670;3161
671;3129
672;3308
673;3138
674;3153
675;3277
676;3199
677;3287
678;3278
679;3094
680;3228
681;3279
682;3033
683;3308
684;3276
685;3093
686;3307
687;3399
688;3264
689;3269
690;3277
691;3118
692;3296
693;3278
694;3116
695;3204
696;3277
697;3032
698;3282
699;3344
700;3340
701;3283
702;3278
703;3126
704;3281
705;3279
706;3003
707;3286
708;3278
709;3062
710;3289
711;3276
712;3093
713;3288
714;3278
715;3033
716;3223
717;3277
718;3090
719;3308
720;3278
721;3032
722;3309
723;3278
724;3093
725;3139
726;3308
727;3259
728;3288
729;3276
730;3034
731;3337
732;3278
733;3094
734;3287
735;3277
736;3034
737;3278
738;3277
739;3096
740;3277
741;3279
742;3094
743;3309
744;3343
745;3093
746;3139
747;3278
748;3032
749;3094
750;3278
751;3094
752;3155
753;3277
754;3094
755;3305
756;3281
757;3257
758;3185
759;3278
760;3094
761;3247
762;3310
763;3095
764;3280
765;3307
766;3095
767;3245
768;3277
769;3122
770;3277
771;3277
772;3094
773;3278
774;3275
775;3094
776;3248
777;3278
778;3094
779;3309
780;3277
781;3095
782;3247
783;3278
784;3279
785;3223
786;3278
787;3094
788;3213
789;2797
790;3155
791;3200
792;3277
793;3098
794;3218
795;3277
796;3127
797;3217
798;3277
799;3127
800;2959
801;3269
802;3277
803;3033
804;3279
805;3278
806;3248
807;3278
808;3277
809;3278
810;3277
811;3125
812;3247
813;3278
814;3125
815;3276
816;3363
817;3261
818;3216
819;3272
820;3124
821;3279
822;3273
823;3126
824;3280
825;3269
826;3125
827;3243
828;3277
829;3124
830;3247
831;3279
832;3125
833;3308
834;3316
835;3125
836;3216
837;3278
838;3279
839;3193
840;3277
841;3125
842;3246
843;3278
844;3126
845;3275
846;3277
847;3123
848;3246
849;3278
850;3125
851;3248
852;3278
853;3034
854;2768
855;3196
856;3278
857;2918
858;3338
859;3277
860;3034
861;3217
862;3245
863;3190
864;3309
865;3279
866;3002
867;3277
868;3276
869;3128
870;3279
871;3277
872;3156
873;3278
874;3277
875;2942
876;3247
877;3277
878;2910
879;3319
880;3276
881;2972
882;3277
883;3276
884;2863
885;3243
886;3276
887;3005
888;3278
889;3277
890;2952
891;3185
892;3277
893;3125
894;3280
895;3279
896;3034
897;3293
898;3277
899;3067
900;3279
901;3307
902;2993
903;3177
904;3278
905;3035
906;3356
907;3276
908;3065
909;3196
910;3277
911;3095
912;3176
913;3278
914;3035
915;3155
916;3276
917;3093
918;3185
919;3277
920;3095
921;3246
922;3278
923;3094
924;3348
925;3278
926;3094
927;3247
928;3272
929;3094
930;3278
931;3277
932;3095
933;3277
934;3277
935;3344
936;3160
937;3277
938;3091
939;3246
940;3277
941;3094
942;3277
943;3278
944;3095
945;3279
946;3282
947;3094
948;3277
949;3276
950;3093
951;3277
952;3278
953;3094
954;3247
955;3275
956;3277
957;3195
958;3215
959;3093
960;3309
961;3277
962;3094
963;3308
964;3277
965;3095
966;3307
967;3276
968;3094
969;3059
970;3135
971;3128
972;3310
973;3246
974;3124
975;3183
976;3277
977;3124
978;3249
979;3277
980;3124
981;3307
982;3277
983;3308
984;3249
985;3276
986;3125
987;3245
988;3277
989;3126
990;3246
991;3277
992;3122
993;3246
994;3277
995;3125
996;3335
997;3311
998;3124
999;3308
1000;3280
1001;3124
1002;3307
1003;3277
1004;3093
1005;3246
1006;3277
1007;3094
1008;3310
1009;3277
1010;3094
1011;3308
1012;3279
1013;3097
1014;2953
1015;3241
1016;3084
1017;3217
1018;3279
1019;3124
1020;3217
1021;3277
1022;3214
1023;3197
1024;3277
1025;3126
1026;3311
1027;3277
1028;3124
1029;3310
1030;3279
1031;3127
1032;3277
1033;3278
1034;3126
1035;3216
1036;3276
1037;3282
1038;3193
1039;3279
1040;3126
1041;3216
1042;3276
1043;3127
1044;3276
1045;3278
1046;3120
1047;3433
1048;3276
1049;3121
1050;3246
1051;3276
1052;3124
1053;3245
1054;3277
1055;3185
1056;3246
1057;3279
1058;3126
1059;3278
1060;3308
1061;3094
1062;3277
1063;3278
1064;3277
1065;3215
1066;3276
1067;3095
1068;3308
1069;3279
1070;3125
1071;3246
1072;3277
1073;3125
1074;3249
1075;3277
1076;3125
1077;3277
1078;3276
1079;3126
1080;3245
1081;3277
1082;3094
1083;3309
1084;3277
1085;3095
1086;3391
1087;3278
1088;3125
1089;3247
1090;3276
1091;2973
1092;3308
1093;3277
1094;3216
1095;3255
1096;3278
1097;3094
1098;3277
1099;3276
1100;3280
1101;3188
1102;3308
1103;3277
1104;3156
1105;3369
1106;3218
1107;3194
1108;3275
1109;3277
1110;3307
1111;3276
1112;3168
1113;3244
1114;3276
1115;3168
1116;3136
1117;3307
1118;3218
1119;3165
1120;3276
1121;3218
1122;3307
1123;3277
1124;3110
1125;3294
1126;3277
1127;3094
1128;3144
1129;3278
1130;3034
1131;3135
1132;3276
1133;3096
1134;3246
1135;3277
1136;3094
1137;3277
1138;3279
1139;3095
1140;3311
1141;3277
1142;3097
1143;3280
1144;3277
1145;3096
1146;3277
1147;3276
1148;3095
1149;3310
1150;3338
1151;3094
1152;3248
1153;3278
1154;3096
1155;3247
1156;3279
1157;3093
1158;3280
1159;3277
1160;3097
1161;3310
1162;3308
1163;3094
1164;3243
1165;3277
1166;3095
1167;3307
1168;3278
1169;3094
1170;3308
1171;3276
1172;3096
1173;3307
1174;3277
1175;3094
1176;3363
1177;3280
1178;3094
1179;3247
1180;3276
1181;3094
1182;3244
1183;3310
1184;3094
1185;3279
1186;3276
1187;3279
1188;3194
1189;3278
1190;3094
1191;3246
1192;3278
1193;3095
1194;3278
1195;3330
1196;3095
1197;3247
1198;3277
1199;3094
1200;3074
1201;3279
1202;3094
1203;3246
1204;3276
1205;3307
1206;3278
1207;3278
1208;3094
1209;3245
1210;3277
1211;3094
1212;3339
1213;3279
1214;3094
1215;3246
1216;3277
1217;3095
1218;3308
1219;3276
1220;3095
1221;3246
1222;3277
1223;3094
1224;3309
1225;3276
1226;3095
1227;3308
1228;3275
1229;3096
1230;3309
1231;3276
1232;3125
1233;3248
1234;3277
1235;3094
1236;3308
1237;3276
1238;3095
1239;3308
1240;3298
1241;3096
1242;3337
1243;3277
1244;3094
1245;3230
1246;3183
1247;3094
1248;3308
1249;3276
1250;3095
1251;3308
1252;3277
1253;3096
1254;3276
1255;3277
1256;3094
1257;3308
1258;3278
1259;3095
1260;3278
1261;3277
1262;3093
1263;3308
1264;3740
1265;3386
1266;3684
1267;3276
1268;3035
1269;3279
1270;3280
1271;3034
1272;3311
1273;3278
1274;3003
1275;3278
1276;3278
1277;3066
1278;3278
1279;3272
1280;3129
1281;3309
1282;3271
1283;2976
1284;3278
1285;3279
1286;2993
1287;3266
1288;3277
1289;3124
1290;3228
1291;3277
1292;3269
1293;3204
1294;3277
1295;3034
1296;3145
1297;3308
1298;3033
1299;3247
1300;3277
1301;3308
1302;3164
1303;3277
1304;3095
1305;3246
1306;3279
1307;3095
1308;3308
1309;3276
1310;3094
1311;3307
1312;3277
1313;3033
1314;3309
1315;3139
1316;3027
1317;3246
1318;3246
1319;3094
1320;3308
1321;3278
1322;3095
1323;3308
1324;3277
1325;3097
1326;3309
1327;3276
1328;3095
1329;3276
1330;3342
1331;3094
1332;3308
1333;3278
1334;3095
1335;3246
1336;3278
1337;3279
1338;3224
1339;3278
1340;3093
1341;3246
1342;3277
1343;3095
1344;3244
1345;3277
1346;3096
1347;3245
1348;3183
1349;3186
1350;3307
1351;3801
1352;3292
1353;3279
1354;3277
1355;3033
1356;3330
1357;3277
1358;3034
1359;3147
1360;3276
1361;3033
1362;3307
1363;3279
1364;3091
1365;3245
1366;3279
1367;3094
1368;3310
1369;3277
1370;3095
1371;3306
1372;3276
1373;3096
1374;3308
1375;3341
1376;3096
1377;3341
1378;3273
1379;3094
1380;3278
1381;3276
1382;3034
1383;3246
1384;3276
1385;3027
1386;3309
1387;3308
1388;3308
1389;3136
1390;3276
1391;3093
1392;3187
1393;3277
1394;3257
1395;3240
1396;3277
1397;3095
1398;3246
1399;3278
1400;3095
1401;3308
1402;3309
1403;3033
1404;3307
1405;3277
1406;3095
1407;3154
1408;3280
1409;3094
1410;3246
1411;3308
1412;3094
1413;3246
1414;3277
1415;3124
1416;3247
1417;3279
1418;3095
1419;3278
1420;3344
1421;3097
1422;3246
1423;3277
1424;3105
1425;3247
1426;3278
1427;3216
1428;3196
1429;3277
1430;3095
1431;3276
1432;3277
1433;3277
1434;3188
1435;3279
1436;3278
1437;3307
1438;3277
1439;3216
1440;3198
1441;3309
1442;3215
1443;3277
1444;3278
1445;3169
1446;3333
1447;3276
1448;3202
1449;3242
1450;3277
1451;3200
1452;3278
1453;3307
1454;3152
1455;3279
1456;3279
1457;3278
1458;3279
1459;3277
1460;3127
1461;3281
1462;3277
1463;3066
1464;3279
1465;3348
1466;3003
1467;3286
1468;3277
1469;3053
1470;3269
1471;3275
1472;3069
1473;3291
1474;3278
1475;3066
1476;3185
1477;3277
1478;3033
1479;3247
1480;3278
1481;3032
1482;3156
1483;3277
1484;3094
1485;3215
1486;3310
1487;3094
1488;3318
1489;3277
1490;3096
1491;3279
1492;3277
1493;3094
1494;3309
1495;3278
1496;3096
1497;3310
1498;3277
1499;3096
1500;3279
1501;3276
1502;3097
1503;3307
1504;3277
1505;3094
1506;3275
1507;3277
1508;3094
1509;3310
1510;2948
1511;3095
1512;3216
1513;3279
1514;3125
1515;3218
1516;3277
1517;3125
1518;3216
1519;3278
1520;3124
1521;3245
1522;3279
1523;3124
1524;2775
1525;3276
1526;3278
1527;3279
1528;3308
1529;3125
1530;2941
1531;3278
1532;3277
1533;3065
1534;3278
1535;3277
1536;3311
1537;3277
1538;3277
1539;3216
1540;3276
1541;3126
1542;3246
1543;3277
1544;3308
1545;3248
1546;3277
1547;3125
1548;3216
1549;3276
1550;3126
1551;3153
1552;3277
1553;3125
1554;3246
1555;3315
1556;3262
1557;3146
1558;3227
1559;3125
1560;3064
1561;3278
1562;3308
1563;3184
1564;3286
1565;3277
1566;3094
1567;3276
1568;3279
1569;2972
1570;3276
1571;3276
1572;2998
1573;3290
1574;3277
1575;2954
1576;3277
1577;3277
1578;3002
1579;3276
1580;3277
1581;2894
1582;3278
1583;3279
1584;3124
1585;3277
1586;3277
1587;3002
1588;3271
1589;3277
1590;3094
1591;3277
1592;3278
1593;3124
1594;3246
1595;3275
1596;3032
1597;3246
1598;3278
1599;3033
1600;3319
1601;3277
1602;2973
1603;3249
1604;3277
1605;3001
1606;3278
1607;3279
1608;3003
1609;3248
1610;3278
1611;2940
1612;3199
1613;3279
1614;3056
1615;3143
1616;3277
1617;3033
1618;3307
1619;3275
1620;3093
1621;3310
1622;3276
1623;3096
1624;2941
1625;3227
1626;3041
1627;3313
1628;3279
1629;3279
1630;3223
1631;3276
1632;3095
1633;3278
1634;3280
1635;3094
1636;3278
1637;3279
1638;3095
1639;3277
1640;3278
1641;3094
1642;3247
1643;3278
1644;3063
1645;3350
1646;3276
1647;3259
1648;3185
1649;3277
1650;3095
1651;3278
1652;3277
1653;3093
1654;3246
1655;3277
1656;3096
1657;3277
1658;3277
1659;3093
1660;3246
1661;3280
1662;3093
1663;3309
1664;3277
1665;3093
1666;3230
1667;3182
1668;3124
1669;3248
1670;3278
1671;3125
1672;3247
1673;3277
1674;3126
1675;3247
1676;3278
1677;3229
1678;3278
1679;3277
1680;3094
1681;3310
1682;3277
1683;3095
1684;3277
1685;3278
1686;3095
1687;3307
1688;3278
1689;3278
1690;3165
1691;3305
1692;3094
1693;3308
1694;3278
1695;3279
1696;3253
1697;3278
1698;3095
1699;3247
1700;3270
1701;3094
1702;3246
1703;3280
1704;3095
1705;3247
1706;3277
1707;3095
1708;3277
1709;3276
1710;3093
1711;3309
1712;3277
1713;3092
1714;3278
1715;3277
1716;2763
1717;3172
1718;3246
1719;3124
1720;3279
1721;3276
1722;3127
1723;3339
1724;3279
1725;3124
1726;3248
1727;3278
1728;3124
1729;3216
1730;3277
1731;3127
1732;3277
1733;3277
1734;3125
1735;3032
1736;3348
1737;3123
1738;3094
1739;3218
1740;3276
1741;3217
1742;3276
1743;3186
1744;3185
1745;3277
1746;3187
1747;3185
1748;3277
1749;3280
1750;3308
1751;3277
1752;3082
1753;3218
1754;3277
1755;3126
1756;3186
1757;3278
1758;3186
1759;3187
1760;3277
1761;3185
1762;3185
1763;3278
1764;3185
1765;2912
1766;3277
1767;3278
1768;3187
1769;3276
1770;3276
1771;3154
1772;3279
1773;3278
1774;3246
1775;3277
1776;3124
1777;3245
1778;3232
1779;3278
1780;3186
1781;3340
1782;3124
1783;2789
1784;3196
1785;3276
1786;3126
1787;3277
1788;3308
1789;3063
1790;3277
1791;3278
1792;2984
1793;3184
1794;3277
1795;3094
1796;3276
1797;3279
1798;2912
1799;3277
1800;3277
1801;3126
1802;3360
1803;3308
1804;2911
1805;3279
1806;3354
1807;3123
1808;3225
1809;3278
1810;2800
1811;3248
1812;3276
1813;3186
1814;3278
1815;3278
1816;3003
1817;3195
1818;3276
1819;3033
1820;3309
1821;3276
1822;3034
1823;3279
1824;3277
1825;3003
1826;3369
1827;3277
1828;2940
1829;3196
1830;3277
1831;3073
1832;3189
1833;3277
1834;3093
1835;3139
1836;3280
1837;3245
1838;3295
1839;3276
1840;3064
1841;3293
1842;3246
1843;3290
1844;3274
1845;3185
1846;3034
1847;3308
1848;3277
1849;3093
1850;3279
1851;3277
1852;3198
1853;3291
1854;3277
1855;3095
1856;3294
1857;3277
1858;3094
1859;3292
1860;3278
1861;3034
1862;3165
1863;3276
1864;3095
1865;3185
1866;3276
1867;3093
1868;3185
1869;3277
1870;3095
1871;3273
1872;3275
1873;3278
1874;3309
1875;3276
1876;3095
1877;3307
1878;3276
1879;3310
1880;3325
1881;3277
1882;3033
1883;3285
1884;3289
1885;3062
1886;3277
1887;3277
1888;3093
1889;3306
1890;3278
1891;3094
1892;3276
1893;3277
1894;3094
1895;3309
1896;3352
1897;3137
1898;3268
1899;3278
1900;3033
1901;3295
1902;3277
1903;3034
1904;3341
1905;3279
1906;3036
1907;3308
1908;3275
1909;3034
1910;3277
1911;3278
1912;3095
1913;3309
1914;3277
1915;3094
1916;3311
1917;3276
1918;3028
1919;3193
1920;3276
1921;3092
1922;3246
1923;3277
1924;3126
1925;3247
1926;3276
1927;3281
1928;3248
1929;3277
1930;3037
1931;3131
1932;3278
1933;3231
1934;3185
1935;3276
1936;3096
1937;3246
1938;3280
1939;3073
1940;3247
1941;3277
1942;3125
1943;3247
1944;3277
1945;3126
1946;3276
1947;3277
1948;3093
1949;3307
1950;3278
1951;3094
1952;3307
1953;3276
1954;3096
1955;3248
1956;3276
1957;3104
1958;3245
1959;3276
1960;3214
1961;3355
1962;3281
1963;3277
1964;3154
1965;3276
1966;3277
1967;3248
1968;3276
1969;3215
1970;3257
1971;3277
1972;3216
1973;3291
1974;3278
1975;3169
1976;3292
1977;3277
1978;3154
1979;3138
1980;3276
1981;3167
1982;3154
1983;3278
1984;3217
1985;3276
1986;3349
1987;3242
1988;3291
1989;3278
1990;3130
1991;3160
1992;3277
1993;3309
1994;3227
1995;3277
1996;3129
1997;3130
1998;3276
1999;3094
2000;3277
2001;3280
2002;3032
2003;3248
2004;3277
2005;3096
2006;3252
2007;3275
2008;3037
2009;3157
2010;3276
2011;3096
2012;3247
2013;3276
2014;3218
2015;3186
2016;3278
2017;3095
2018;3278
2019;3310
2020;3260
2021;3156
2022;3309
2023;3307
2024;3248
2025;3277
2026;3095
2027;3247
2028;3278
2029;3093
2030;3126
2031;3276
2032;3095
2033;3248
2034;3276
2035;3095
2036;3278
2037;3277
2038;3095
2039;3277
2040;3276
2041;3096
2042;3308
2043;3275
2044;3094
2045;3278
2046;3277
2047;3095
2048;3309
2049;3277
2050;3094
2051;3310
2052;3277
2053;3231
2054;3156
2055;3277
2056;3095
2057;3186
2058;3277
2059;3262
2060;3308
2061;3277
2062;3094
2063;3308
2064;3277
2065;3095
2066;3307
2067;3278
2068;3033
2069;3032
2070;3275
2071;3096
2072;3185
2073;3279
2074;3094
2075;3339
2076;3070
2077;3232
2078;3216
2079;3278
2080;3125
2081;3245
2082;3279
2083;3124
2084;3187
2085;3277
2086;3127
2087;3185
2088;3277
2089;3124
2090;3246
2091;3277
2092;3125
2093;3282
2094;3276
2095;3278
2096;3322
2097;3276
2098;3124
2099;3246
2100;3277
2101;3125
2102;3278
2103;3276
2104;3125
2105;3201
2106;3277
2107;3124
2108;3246
2109;3278
2110;3126
2111;3246
2112;3276
2113;3232
2114;3277
2115;3277
2116;3095
2117;3308
2118;3277
2119;3096
2120;3276
2121;3248
2122;3095
2123;3247
2124;3278
2125;3125
2126;3279
2127;3277
2128;3096
2129;3246
2130;3276
2131;3126
2132;3246
2133;3278
2134;3125
2135;3247
2136;3276
2137;3202
2138;3211
2139;3274
2140;3125
2141;3282
2142;3269
2143;3125
2144;3248
2145;3277
2146;3125
2147;3247
2148;3278
2149;3124
2150;3276
2151;3277
2152;3125
2153;3246
2154;3277
2155;3124
2156;3154
2157;3278
2158;3125
2159;3217
2160;3278
2161;3126
2162;3247
2163;3276
2164;3125
2165;3308
2166;3041
2167;3287
2168;3274
2169;3280
2170;3306
2171;3247
2172;3279
2173;3277
2174;3276
2175;3217
2176;3126
2177;3224
2178;3246
2179;3124
2180;3309
2181;3218
2182;3126
2183;3186
2184;3277
2185;3126
2186;2798
2187;3182
2188;3279
2189;3185
2190;3246
2191;3277
2192;3248
2193;3276
2194;3185
2195;3215
2196;3277
2197;3125
2198;3278
2199;3277
2200;3126
2201;3246
2202;3277
2203;3295
2204;3367
2205;3278
2206;3124
2207;3247
2208;3277
2209;3126
2210;3216
2211;3276
2212;3126
2213;3276
2214;3277
2215;3125
2216;3247
2217;3276
2218;3125
2219;3277
2220;3248
2221;3124
2222;3277
2223;3229
2224;3093
2225;3246
2226;3277
2227;3124
2228;3092
2229;3277
2230;3277
2231;3226
2232;3278
2233;3230
2234;3033
2235;3277
2236;3125
2237;2909
2238;3195
2239;3275
2240;2984
2241;3182
2242;3276
2243;3094
2244;3275
2245;3279
2246;2830
2247;3277
2248;3278
2249;2836
2250;3239
2251;3278
2252;3221
2253;3276
2254;3277
2255;3094
2256;3283
2257;3361
2258;3186
2259;3276
2260;3269
2261;3277
2262;3278
2263;3272
2264;2819
2265;3277
2266;3279
2267;3033
2268;3279
2269;3276
2270;3277
2271;3278
2272;3276
2273;2838
2274;3239
2275;3277
2276;3317
2277;3277
2278;3277
2279;2856
2280;3189
2281;3277
2282;2944
2283;3193
2284;3278
2285;3054
2286;3177
2287;3277
2288;3222
2289;3130
2290;3278
2291;3033
2292;3186
2293;3277
2294;3032
2295;3186
2296;3186
2297;3094
2298;3246
2299;3217
2300;3093
2301;3278
2302;3280
2303;3124
2304;3308
2305;3279
2306;3093
2307;3278
2308;3308
2309;3093
2310;3278
2311;3277
2312;3277
2313;3194
2314;3277
2315;3095
2316;3247
2317;3275
2318;3093
2319;3280
2320;3277
2321;3316
2322;3273
2323;3278
2324;3093
2325;3215
2326;3310
2327;3093
2328;3247
2329;3307
2330;3093
2331;3247
2332;3278
2333;3094
2334;3277
2335;3231
2336;3090
2337;3310
2338;3278
2339;3099
2340;3309
2341;3277
2342;3116
2343;3277
2344;3277
2345;3095
2346;3247
2347;3360
2348;3217
2349;3186
2350;3277
2351;3095
2352;3216
2353;3279
2354;3309
2355;3218
2356;3277
2357;3095
2358;3217
2359;3279
2360;3126
2361;3247
2362;3277
2363;3094
2364;3245
2365;3309
2366;3281
2367;3155
2368;3278
2369;3116
2370;3247
2371;3308
2372;3123
2373;3215
2374;3277
2375;3124
2376;3247
2377;3278
2378;3095
2379;3278
2380;3278
2381;3095
2382;3309
2383;3277
2384;3125
2385;3279
2386;3278
2387;3307
2388;3338
2389;3277
2390;3166
2391;3248
2392;3278
2393;3278
2394;3130
2395;3277
2396;3094
2397;3247
2398;3279
2399;3095
2400;3309
2401;3277
2402;3094
2403;3272
2404;3278
2405;2941
2406;3165
2407;3277
2408;3216
2409;3197
2410;3277
2411;3049
2412;3235
2413;3311
2414;3279
2415;3277
2416;3277
2417;3277
2418;3185
2419;3276
2420;3277
2421;3310
2422;3277
2423;3277
2424;3165
2425;3276
2426;3217
2427;3308
2428;3277
2429;3168
2430;3141
2431;3277
2432;3217
2433;3194
2434;3278
2435;3216
2436;3309
2437;3357
2438;3034
2439;3214
2440;3278
2441;3089
2442;3184
2443;3279
2444;3033
2445;3156
2446;3277
2447;3093
2448;3249
2449;3279
2450;3093
2451;3250
2452;3288
2453;3096
2454;3249
2455;3278
2456;3095
2457;3339
2458;3279
2459;3096
2460;3247
2461;3278
2462;3094
2463;3248
2464;3277
2465;3093
2466;3279
2467;3278
2468;3093
2469;3303
2470;3277
2471;3094
2472;3277
2473;3279
2474;3095
2475;3278
2476;3307
2477;3095
2478;3277
2479;3278
2480;3093
2481;3279
2482;3279
2483;3093
2484;3309
2485;3277
2486;3095
2487;3308
2488;3276
2489;3095
2490;3278
2491;3278
2492;3095
2493;3308
2494;3277
2495;3094
2496;3277
2497;3277
2498;3094
2499;3309
2500;3278
2501;3094
2502;3362
2503;3278
2504;3093
2505;3247
2506;3277
2507;3094
2508;3125
2509;3276
2510;3095
2511;3246
2512;3279
2513;3124
2514;3278
2515;3277
2516;3124
2517;3246
2518;3279
2519;3124
2520;3248
2521;3278
2522;3125
2523;3248
2524;3278
2525;3125
2526;3246
2527;3325
2528;3125
2529;3255
2530;3279
2531;3125
2532;3247
2533;3277
2534;3096
2535;3335
2536;3277
2537;3124
2538;3246
2539;3279
2540;3125
2541;3204
2542;3277
2543;3125
2544;3248
2545;3277
2546;3308
2547;3330
2548;3278
2549;3097
2550;3279
2551;3277
2552;3096
2553;3308
2554;3277
2555;3094
2556;3278
2557;3278
2558;3093
2559;3246
2560;3277
2561;3122
2562;3248
2563;3277
2564;3094
2565;3309
2566;3276
2567;3093
2568;3279
2569;3277
2570;3094
2571;3307
2572;3277
2573;3094
2574;3278
2575;3278
2576;3093
2577;3307
2578;3272
2579;3093
2580;3277
2581;3277
2582;3094
2583;3310
2584;3278
2585;3093
2586;3277
2587;3277
2588;3096
2589;3309
2590;3278
2591;3095
2592;3365
2593;3279
2594;3094
2595;3277
2596;3278
2597;3094
2598;3276
2599;3279
2600;3094
2601;3278
2602;3277
2603;3095
2604;3309
2605;3277
2606;3095
2607;3276
2608;3278
2609;3095
2610;3307
2611;3278
2612;3276
2613;3321
2614;3277
2615;3093
2616;3247
2617;3333
2618;3263
2619;3186
2620;3276
2621;3032
2622;3309
2623;3003
2624;3125
2625;3310
2626;3216
2627;3279
2628;3246
2629;3276
2630;3093
2631;3247
2632;3278
2633;3094
2634;3247
2635;3277
2636;3095
2637;3305
2638;3278
2639;3093
2640;3276
2641;3277
2642;3095
2643;3278
2644;3276
2645;3093
2646;3247
2647;3275
2648;3094
2649;3277
2650;3277
2651;3124
2652;3247
2653;3277
2654;3096
2655;3340
2656;3248
2657;3093
2658;3307
2659;3277
2660;3094
2661;3277
2662;3231
2663;3126
2664;3308
2665;3278
2666;3094
2667;3277
2668;3277
2669;3126
2670;3308
2671;3278
2672;3095
2673;3247
2674;3277
2675;3315
2676;3185
2677;3278
2678;3092
2679;3247
2680;3279
2681;3095
2682;3343
2683;3369
2684;3095
2685;3189
2686;3277
2687;3094
2688;3216
2689;3278
2690;3125
2691;3246
2692;3278
2693;3094
2694;3278
2695;3276
2696;3088
2697;3276
2698;3278
2699;3125
2700;3216
2701;3278
2702;3125
2703;3335
2704;3277
2705;3094
2706;3278
2707;3306
2708;3093
2709;3277
2710;3276
2711;3096
2712;3307
2713;3277
2714;3122
2715;3246
2716;3277
2717;3093
2718;3278
2719;3279
2720;3125
2721;3246
2722;3278
2723;3125
2724;3248
2725;3278
2726;3095
2727;3343
2728;3277
2729;3095
2730;3246
2731;3277
2732;3105
2733;3246
2734;3276
2735;3311
2736;3243
2737;3277
2738;3094
2739;3308
2740;3278
2741;3093
2742;3308
2743;3279
2744;3309
2745;3227
2746;3278
2747;3168
2748;3150
2749;3278
2750;3200
2751;3286
2752;3277
2753;3168
2754;3203
2755;3277
2756;3169
2757;3274
2758;3278
2759;3170
2760;3151
2761;3277
2762;3217
2763;3167
2764;3278
2765;3216
2766;3277
2767;3277
2768;3033
2769;3247
2770;3277
2771;3033
2772;3223
2773;3279
2774;3308
2775;3308
2776;3277
2777;3062
2778;3339
2779;3277
2780;3034
2781;3246
2782;3278
2783;3032
2784;3277
2785;3277
2786;3093
2787;3157
2788;3278
2789;3093
2790;3247
2791;3277
2792;3095
2793;3247
2794;3276
2795;3094
2796;3246
2797;3346
2798;3094
2799;3249
2800;3277
2801;3095
2802;3272
2803;3279
2804;3095
2805;3278
2806;3277
2807;3093
2808;3275
2809;3277
2810;3095
2811;3278
2812;3277
2813;3093
2814;3278
2815;3278
2816;3096
2817;3373
2818;3277
2819;3093
2820;3339
2821;3277
2822;3094
2823;3246
2824;3277
2825;3260
2826;3247
2827;3277
2828;3093
2829;3096
2830;3279
2831;3096
2832;3308
2833;3281
2834;3094
2835;3276
2836;3275
2837;3095
2838;3246
2839;3280
2840;3093
2841;3277
2842;3308
2843;3094
2844;3155
2845;3278
2846;3124
2847;3247
2848;3278
2849;3126
2850;3249
2851;3277
2852;3124
2853;3246
2854;3277
2855;3124
2856;3246
2857;3310
2858;3125
2859;3278
2860;3279
2861;3124
2862;3253
2863;3277
2864;3123
2865;3245
2866;3280
2867;3127
2868;3248
2869;3278
2870;3124
2871;3215
2872;3277
2873;3124
2874;3247
2875;3279
2876;3125
2877;3197
2878;3277
2879;3124
2880;3187
2881;3267
2882;3125
2883;3247
2884;3288
2885;3124
2886;3279
2887;3373
2888;3126
2889;3165
2890;3276
2891;3127
2892;3309
2893;3278
2894;3125
2895;3215
2896;3277
2897;3124
2898;3307
2899;3279
2900;3126
2901;3217
2902;3277
2903;3124
2904;3277
2905;3277
2906;3125
2907;2890
2908;3277
2909;3123
2910;3248
2911;3273
2912;3126
2913;3248
2914;3277
2915;3126
2916;3309
2917;3247
2918;3308
2919;3002
2920;3277
2921;3277
2922;3186
2923;3280
2924;3124
2925;3246
2926;3276
2927;3125
2928;2954
2929;3243
2930;3276
2931;3185
2932;3278
2933;3277
2934;3063
2935;3195
2936;3277
2937;3094
2938;3279
2939;3278
2940;2973
2941;3278
2942;3275
2943;3126
2944;3276
2945;3275
2946;3155
2947;3246
2948;3278
2949;3127
2950;3276
2951;3277
2952;3134
2953;3278
2954;3277
2955;2819
2956;3065
2957;3277
2958;2848
2959;3165
2960;3278
2961;2940
2962;3197
2963;3278
2964;3066
2965;3279
2966;3278
2967;2993
2968;3268
2969;3278
2970;3033
2971;3292
2972;3278
2973;3035
2974;3164
2975;3307
2976;3094
2977;2735
2978;3277
2979;3096
2980;3244
2981;3278
2982;3126
2983;3248
2984;3279
2985;3127
2986;3218
2987;3278
2988;3126
2989;3310
2990;3278
2991;3125
2992;3203
2993;3278
2994;3125
2995;3308
2996;3277
2997;3319
2998;3277
2999;3278
3000;3095
3001;3336
3002;3277
3003;3042
3004;3160
3005;3280
3006;3127
3007;3310
3008;3280
3009;3125
3010;3249
3011;3279
3012;3125
3013;3217
3014;3278
3015;3125
3016;3247
3017;3278
3018;3124
3019;3308
3020;3277
3021;3125
3022;3247
3023;3279
3024;3124
3025;3277
3026;3278
3027;3126
3028;3244
3029;3270
3030;3126
3031;3247
3032;3276
3033;3124
3034;3277
3035;3278
3036;3127
3037;3278
3038;3278
3039;3125
3040;3307
3041;3278
3042;3317
3043;3156
3044;3310
3045;3127
3046;3309
3047;3277
3048;3095
3049;3309
3050;3276
3051;3094
3052;3307
3053;3277
3054;3093
3055;3246
3056;3277
3057;3094
3058;3306
3059;3277
3060;3277
3061;3248
3062;3277
3063;3095
3064;3246
3065;3278
3066;3094
3067;3044
3068;3247
3069;3125
3070;3245
3071;3004
3072;3186
3073;3277
3074;3248
3075;3125
3076;3216
3077;3275
3078;3125
3079;3278
3080;3276
3081;3126
3082;3278
3083;3277
3084;3125
3085;3216
3086;3335
3087;3014
3088;2736
3089;3180
3090;3277
3091;2971
3092;3246
3093;3278
3094;2849
3095;3277
3096;3276
3097;2971
3098;3276
3099;3279
3100;2912
3101;3277
3102;3278
3103;3119
3104;3215
3105;3279
3106;3186
3107;3277
3108;3316
3109;3276
3110;3277
3111;3278
3112;3126
3113;3277
3114;3276
3115;3094
3116;3279
3117;3279
3118;3124
3119;3277
3120;3276
3121;3122
3122;3276
3123;3276
3124;2910
3125;3283
3126;3343
3127;3128
3128;3278
3129;3277
3130;3560
3131;3247
3132;3280
3133;3112
3134;3277
3135;3281
3136;3125
3137;3278
3138;3272
3139;2848
3140;3275
3141;3280
3142;3157
3143;3278
3144;3277
3145;2863
3146;3278
3147;3279
3148;2802
3149;3245
3150;3279
3151;2939
3152;3200
3153;3799
3154;3217
3155;3278
3156;3278
3157;3109
3158;3308
3159;3278
3160;3249
3161;3279
3162;3279
3163;2841
3164;3277
3165;3278
3166;3033
3167;3248
3168;3279
3169;2901
3170;3204
3171;3250
3172;2955
3173;3182
3174;3065
3175;3034
3176;3338
3177;3279
3178;3370
3179;3276
3180;3277
3181;3069
3182;3284
3183;3277
3184;3034
3185;3146
3186;3277
3187;3200
3188;3273
3189;3315
3190;3311
3191;3280
3192;3280
3193;3068
3194;3279
3195;3277
3196;3220
3197;3280
3198;3281
3199;3217
3200;3277
3201;3277
3202;3029
3203;3280
3204;3276
3205;3187
3206;3278
3207;3277
3208;3003
3209;3281
3210;3307
3211;2944
3212;3195
3213;3277
3214;3056
3215;3296
3216;3291
3217;3116
3218;3281
3219;3278
3220;3056
3221;3174
3222;3278
3223;3260
3224;3293
3225;3278
3226;3035
3227;3469
3228;3277
3229;3051
3230;3271
3231;3314
3232;3056
3233;3140
3234;3277
3235;3094
3236;3310
3237;3277
3238;3096
3239;3282
3240;3277
3241;3228
3242;3286
3243;3278
3244;3032
3245;3227
3246;3281
3247;3264
3248;3240
3249;3276
3250;3035
3251;3141
3252;3279
3253;3194
3254;3196
3255;3309
3256;3027
3257;3186
3258;3274
3259;3308
3260;3228
3261;3277
3262;3093
3263;3277
3264;3279
3265;3094
3266;3309
3267;3277
3268;3254
3269;3227
3270;3280
3271;3095
3272;3308
3273;3276
3274;3094
3275;3308
3276;3276
3277;3270
3278;3141
3279;3277
3280;3094
3281;3290
3282;3306
3283;3342
3284;3194
3285;3281
3286;3117
3287;3205
3288;3277
3289;3032
3290;3225
3291;3278
3292;3246
3293;3285
3294;3277
3295;3146
3296;3144
3297;3277
3298;3106
3299;3286
3300;3277
3301;3035
3302;3196
3303;3277
3304;3215
3305;3197
3306;3277
3307;3186
3308;3277
3309;3278
3310;3186
3311;3140
3312;3277
3313;3298
3314;3285
3315;3278
3316;3119
3317;3184
3318;3279
3319;3228
3320;3139
3321;3277
3322;3216
3323;3166
3324;3277
3325;3217
3326;3278
3327;3277
3328;3096
3329;3278
3330;3277
3331;3033
3332;3248
3333;3276
3334;3032
3335;3307
3336;3279
3337;3352
3338;3203
3339;3277
3340;3033
3341;3247
3342;3278
3343;3032
3344;3157
3345;3278
3346;3094
3347;3211
3348;3278
3349;3094
3350;3278
3351;3278
3352;3093
3353;3247
3354;3278
3355;3094
3356;3279
3357;3277
3358;3142
3359;3301
3360;3278
3361;3094
3362;3301
3363;3277
3364;3094
3365;3308
3366;3277
3367;3097
3368;3279
3369;3276
3370;3094
3371;3307
3372;3278
3373;3093
3374;3277
3375;3278
3376;3157
3377;3274
3378;3277
3379;3097
3380;3340
3381;3278
3382;3094
3383;3247
3384;3279
3385;3064
3386;3276
3387;3277
3388;3095
3389;3277
3390;3276
3391;3095
3392;3278
3393;3277
3394;3094
3395;3307
3396;3278
3397;3095
3398;3309
3399;3278
3400;3094
3401;3124
3402;3277
3403;3252
3404;3186
3405;3308
3406;3094
3407;3279
3408;3277
3409;3096
3410;3277
3411;3277
3412;3093
3413;3307
3414;3277
3415;3093
3416;3277
3417;3277
3418;3096
3419;3338
3420;3277
3421;3094
3422;3339
3423;3278
3424;3093
3425;3277
3426;3277
3427;3354
3428;3237
3429;3278
3430;3094
3431;3306
3432;3276
3433;3094
3434;3247
3435;3277
3436;3094
3437;3231
3438;3179
3439;3094
3440;3283
3441;3307
3442;3094
3443;3306
3444;4260
3445;3032
3446;3280
3447;3308
3448;3152
3449;3281
3450;3277
3451;3066
3452;3380
3453;3338
3454;3093
3455;3278
3456;3304
3457;3096
3458;3279
3459;3277
3460;3095
3461;3278
3462;3343
3463;3186
3464;3227
3465;3278
3466;3063
3467;3279
3468;3279
3469;3096
3470;3278
3471;3272
3472;3095
3473;3279
3474;3278
3475;3122
3476;3280
3477;3308
3478;3095
3479;3279
3480;3279
3481;3072
3482;3368
3483;3278
3484;3094
3485;3281
3486;3279
3487;3314
3488;3278
3489;3279
3490;3056
3491;3204
3492;3278
3493;3162
3494;3280
3495;3279
3496;3002
3497;3279
3498;3276
3499;3095
3500;3279
3501;3278
3502;3188
3503;3278
3504;3278
3505;3186
3506;3281
3507;3278
3508;3277
3509;3278
3510;3277
3511;2943
3512;3224
3513;3248
3514;3003
3515;3279
3516;3186
3517;3384
3518;3310
3519;3280
3520;3276
3521;3277
3522;3279
3523;3094
3524;3279
3525;3277
3526;2834
3527;3240
3528;3276
3529;3094
3530;3279
3531;3277
3532;3094
3533;3277
3534;3278
3535;3094
3536;3277
3537;3278
3538;2829
3539;3279
3540;3278
3541;2991
3542;3238
3543;3306
3544;3220
3545;3460
3546;3953
3547;2973
3548;3278
3549;3125
3550;3003
3551;3247
3552;3277
3553;3289
3554;3277
3555;3278
3556;3002
3557;3278
3558;3278
3559;3063
3560;3464
3561;3278
3562;3277
3563;3309
3564;3277
3565;3005
3566;3277
3567;3278
3568;3098
3569;3275
3570;3278
3571;3251
3572;3277
3573;3276
3574;3125
3575;3276
3576;3278
3577;3158
3578;3277
3579;3278
3580;3095
3581;3246
3582;3278
3583;2880
3584;3313
3585;3278
3586;2965
3587;3276
3588;3306
3589;3305
3590;3378
3591;3278
3592;2910
3593;3276
3594;3276
3595;3124
3596;3315
3597;3277
3598;3036
3599;3277
3600;3279
3601;3034
3602;3276
3603;3305
3604;3076
3605;3277
3606;3280
3607;3021
3608;3311
3609;3280
3610;3124
3611;3279
3612;3279
3613;3217
3614;3277
3615;3278
3616;3125
3617;3276
3618;3277
3619;2896
3620;3240
3621;3277
3622;2967
3623;3230
3624;3278
3625;3157
3626;3279
3627;3279
3628;3255
3629;3277
3630;3278
3631;3062
3632;3280
3633;3276
3634;3096
3635;3276
3636;3278
3637;3094
3638;3280
3639;3339
3640;3220
3641;3333
3642;3311
3643;3188
3644;3307
3645;3281
3646;3187
3647;3275
3648;3274
3649;3310
3650;3279
3651;3310
3652;3063
3653;3278
3654;3277
3655;2955
3656;3180
3657;3278
3658;3095
3659;3276
3660;3278
3661;2910
3662;3286
3663;3277
3664;3033
3665;3287
3666;3310
3667;3126
3668;3306
3669;3278
3670;3093
3671;3278
3672;3279
3673;3198
3674;3279
3675;3278
3676;2970
3677;3277
3678;3277
3679;3186
3680;3308
3681;3276
3682;3155
3683;3276
3684;3279
3685;2910
3686;3279
3687;3277
3688;3076
3689;3279
3690;3277
3691;2865
3692;3207
3693;3275
3694;3168
3695;3182
3696;3277
3697;3151
3698;3262
3699;3277
3700;3281
3701;3306
3702;3277
3703;3157
3704;3277
3705;3432
3706;3125
3707;3275
3708;3547
3709;3247
3710;3275
3711;3276
3712;2851
3713;3281
3714;3310
3715;3155
3716;3278
3717;3277
3718;3197
3719;3308
3720;3309
3721;2880
3722;3231
3723;3308
3724;2814
3725;3279
3726;3277
3727;3187
3728;3277
3729;3277
3730;3461
3731;3284
3732;3310
3733;3113
3734;3278
3735;3279
3736;3186
3737;3279
3738;3301
3739;3217
3740;3277
3741;3275
3742;3217
3743;3311
3744;3278
3745;3832
3746;3338
3747;3126
3748;3246
3749;3247
3750;3124
3751;3278
3752;3216
3753;3126
3754;3187
3755;3278
3756;3126
3757;3279
3758;3276
3759;3277
3760;3135
3761;3248
3762;3125
3763;3319
3764;3492
3765;3278
3766;3256
3767;3278
3768;3093
3769;3246
3770;3276
3771;3096
3772;3309
3773;3277
3774;3096
3775;3305
3776;3277
3777;3096
3778;3307
3779;3277
3780;3094
3781;3247
3782;3278
3783;3094
3784;3305
3785;3276
3786;3094
3787;3085
3788;3185
3789;3194
3790;3118
3791;3309
3792;3276
3793;3277
3794;3277
3795;3125
3796;3338
3797;3277
3798;3329
3799;3279
3800;3277
3801;3094
3802;3308
3803;3278
3804;3126
3805;3277
3806;3277
3807;3126
3808;3287
3809;3276
3810;3126
3811;3247
3812;3277
3813;3126
3814;3185
3815;3279
3816;3156
3817;3246
3818;3276
3819;3090
3820;3309
3821;3277
3822;3274
3823;3192
3824;3276
3825;3282
3826;3307
3827;3278
3828;3089
3829;3309
3830;3277
3831;3087
3832;3307
3833;3279
3834;3029
3835;3154
3836;3276
3837;3125
3838;3245
3839;3277
3840;3125
3841;3246
3842;3277
3843;3278
3844;3134
3845;3276
3846;3094
3847;3338
3848;3277
3849;3094
3850;3246
3851;3278
3852;3094
3853;3135
3854;3308
3855;3125
3856;3248
3857;3277
3858;3121
3859;3277
3860;3276
3861;3126
3862;3246
3863;3276
3864;3125
3865;3246
3866;3278
3867;3094
3868;3308
3869;3277
3870;3095
3871;3307
3872;3276
3873;3094
3874;3308
3875;3277
3876;3095
3877;3092
3878;3286
3879;3186
3880;3103
3881;3277
3882;3218
3883;3195
3884;3278
3885;3278
3886;3246
3887;3281
3888;3330
3889;3265
3890;3308
3891;3094
3892;3308
3893;3277
3894;3277
3895;3245
3896;3276
3897;3277
3898;2837
3899;3278
3900;3277
3901;3307
3902;3277
3903;3277
3904;3244
3905;3274
3906;3277
3907;3307
3908;3279
3909;3216
3910;3226
3911;3276
3912;3216
3913;3197
3914;3278
3915;3277
3916;3308
3917;3276
3918;3034
3919;3276
3920;3278
3921;3032
3922;3248
3923;3279
3924;3096
3925;3309
3926;3276
3927;3095
3928;3245
3929;3277
3930;3096
3931;3155
3932;3279
3933;3280
3934;3133
3935;3277
3936;3095
3937;3247
3938;3278
3939;3093
3940;3248
3941;3278
3942;3094
3943;3309
3944;3308
3945;3065
3946;3247
3947;3276
3948;3278
3949;3197
3950;3277
3951;3094
3952;3217
3953;3278
3954;3094
3955;3302
3956;3277
3957;3094
3958;3309
3959;3275
3960;3094
3961;3309
3962;3277
3963;3276
3964;3246
3965;3276
3966;3094
3967;3038
3968;3311
3969;3096
3970;3308
3971;3277
3972;3094
3973;3308
3974;3275
3975;3280
3976;3223
3977;3276
3978;3094
3979;3278
3980;3279
3981;3095
3982;3308
3983;3277
3984;3097
3985;3311
3986;3307
3987;3096
3988;3246
3989;3338
3990;3093
3991;3247
3992;3278
3993;3094
3994;3152
3995;3277
3996;3093
3997;3246
3998;3278
3999;3096
4000;3307
4001;3277
4002;3093
4003;3276
4004;3364
4005;3066
4006;3278
4007;3277
4008;3095
4009;3307
4010;3277
4011;3096
4012;3307
4013;3277
4014;3095
4015;3246
4016;3277
4017;3093
4018;3308
4019;3278
4020;3278
4021;3197
4022;3277
4023;3099
4024;3279
4025;3277
4026;3096
4027;3310
4028;3277
4029;3096
4030;3196
4031;3277
4032;3097
4033;3308
4034;3368
4035;3091
4036;3245
4037;3277
4038;3094
4039;3246
4040;3276
4041;3094
4042;3277
4043;3278
4044;3063
4045;3306
4046;3277
4047;3095
4048;3246
4049;3276
4050;3094
4051;3308
4052;3278
4053;3093
4054;3372
4055;3278
4056;3093
4057;3057
4058;3371
4059;3095
4060;3308
4061;3278
4062;3095
4063;3276
4064;3335
4065;3067
4066;3277
4067;3301
4068;3094
4069;3246
4070;3277
4071;3095
4072;3277
4073;3277
4074;3094
4075;3245
4076;3280
4077;3092
4078;3245
4079;3361
4080;3095
4081;3279
4082;3276
4083;3306
4084;3308
4085;3276
4086;3094
4087;3370
4088;3279
4089;3065
4090;3244
4091;3277
4092;3309
4093;3163
4094;3309
4095;3033
4096;3307
4097;3250
4098;3246
4099;3144
4100;3276
4101;3248
4102;3197
4103;3279
4104;3034
4105;3154
4106;2941
4107;3079
4108;3249
4109;3309
4110;3125
4111;3259
4112;3278
4113;3127
4114;3248
4115;3279
4116;3254
4117;3339
4118;3278
4119;3096
4120;3277
4121;3278
4122;3094
4123;3308
4124;3327
4125;3095
4126;3279
4127;3280
4128;3094
4129;3278
4130;3281
4131;3095
4132;3309
4133;3277
4134;3279
4135;3164
4136;3277
4137;3094
4138;3277
4139;3279
4140;3094
4141;3280
4142;3232
4143;3094
4144;3227
4145;3279
4146;3126
4147;3061
4148;3341
4149;3126
4150;3250
4151;3279
4152;3095
4153;3246
4154;3345
4155;3122
4156;3215
4157;3278
4158;3125
4159;3246
4160;3278
4161;3125
4162;3249
4163;3277
4164;3127
4165;3247
4166;3277
4167;3124
4168;3245
4169;3254
4170;3125
4171;3247
4172;3277
4173;3119
4174;3156
4175;3277
4176;3127
4177;3247
4178;3276
4179;3185
4180;3216
4181;3279
4182;3123
4183;3247
4184;3307
4185;3124
4186;3215
4187;3277
4188;3126
4189;3246
4190;3277
4191;3183
4192;3216
4193;3277
4194;3185
4195;3216
4196;3277
4197;3185
4198;3216
4199;3278
4200;3186
4201;3307
4202;3278
4203;3035
4204;3215
4205;3279
4206;3125
4207;3276
4208;3247
4209;3247
4210;3154
4211;3276
4212;3215
4213;3196
4214;3344
4215;3307
4216;3227
4217;3277
4218;3125
4219;3277
4220;3276
4221;3123
4222;3247
4223;3277
4224;3248
4225;3307
4226;3277
4227;3280
4228;3246
4229;3277
4230;3277
4231;3308
4232;3308
4233;3216
4234;3225
4235;3276
4236;3216
4237;2993
4238;3371
4239;3277
4240;3308
4241;3277
4242;3185
4243;3141
4244;3278
4245;3260
4246;3128
4247;3277
4248;3032
4249;3307
4250;3277
4251;3034
4252;3247
4253;3278
4254;3095
4255;3186
4256;3278
4257;3095
4258;3247
4259;3342
4260;3095
4261;3216
4262;3276
4263;3096
4264;3278
4265;3277
4266;3094
4267;3279
4268;3278
4269;3095
4270;3310
4271;3278
4272;3095
4273;3311
4274;3277
4275;3303
4276;3156
4277;3276
4278;3094
4279;3246
4280;3278
4281;3093
4282;3216
4283;3279
4284;3094
4285;3240
4286;3276
4287;3094
4288;3309
4289;3277
4290;3095
4291;3308
4292;3276
4293;3095
4294;3308
4295;3276
4296;3126
4297;3279
4298;3277
4299;3094
4300;3277
4301;3277
4302;3096
4303;3308
4304;3374
4305;3095
4306;3247
4307;3278
4308;3094
4309;3247
4310;3277
4311;3094
4312;3276
4313;3276
4314;3309
4315;3307
4316;3276
4317;3093
4318;3308
4319;3276
4320;3093
4321;3307
4322;3278
4323;3032
4324;2912
4325;3276
4326;3095
4327;3217
4328;3395
4329;3261
4330;3248
4331;3276
4332;3094
4333;3276
4334;3277
4335;3093
4336;3276
4337;3278
4338;3094
4339;3276
4340;3278
4341;3096
4342;3249
4343;3277
4344;3279
4345;3193
4346;3278
4347;3095
4348;3246
4349;3345
4350;3094
4351;3277
4352;3276
4353;3093
4354;3276
4355;3277
4356;3093
4357;3276
4358;3329
4359;3292
4360;3307
4361;3277
4362;3096
4363;3200
4364;3246
4365;3094
4366;3186
4367;3278
4368;3096
4369;3248
4370;3276
4371;3095
4372;3277
4373;3277
4374;3094
4375;3247
4376;3279
4377;3094
4378;3309
4379;3277
4380;3096
4381;3247
4382;3278
4383;3093
4384;3308
4385;3276
4386;3094
4387;3277
4388;3277
4389;3094
4390;3310
4391;3277
4392;3094
4393;3307
4394;2698
4395;3124
4396;3216
4397;3276
4398;3126
4399;2970
4400;3306
4401;3276
4402;3214
4403;3277
4404;3127
4405;3278
4406;3276
4407;3124
4408;3247
4409;3276
4410;3124
4411;2910
4412;3276
4413;3278
4414;3307
4415;3278
4416;3277
4417;3034
4418;3395
4419;3279
4420;3184
4421;3278
4422;3122
4423;2909
4424;3156
4425;3278
4426;3064
4427;3005
4428;3194
4429;3124
4430;3216
4431;3277
4432;3124
4433;3276
4434;3278
4435;3185
4436;3277
4437;3271
4438;2816
4439;3316
4440;3309
4441;3037
4442;3277
4443;3276
4444;3031
4445;3277
4446;3276
4447;3033
4448;3278
4449;3276
4450;3000
4451;3277
4452;3277
4453;2996
4454;3278
4455;3278
4456;3094
4457;3279
4458;3277
4459;3094
4460;3230
4461;3182
4462;2974
4463;3280
4464;3277
4465;3126
4466;3278
4467;3277
4468;2943
4469;3225
4470;3277
4471;3031
4472;3223
4473;3277
4474;3032
4475;3185
4476;3279
4477;3093
4478;3310
4479;3278
4480;3095
4481;3309
4482;3279
4483;3094
4484;3350
4485;3278
4486;3094
4487;3247
4488;3271
4489;3094
4490;3310
4491;3365
4492;3034
4493;3248
4494;3277
4495;3096
4496;3307
4497;3309
4498;3095
4499;3246
4500;3279
4501;3094
4502;3308
4503;3278
4504;3315
4505;3159
4506;3276
4507;3033
4508;3283
4509;3309
4510;3031
4511;3307
4512;3278
4513;3032
4514;3157
4515;3275
4516;3279
4517;3308
4518;3277
4519;3158
4520;3248
4521;3248
4522;3093
4523;3308
4524;3277
4525;3095
4526;3308
4527;3277
4528;3032
4529;3344
4530;3311
4531;3034
4532;3217
4533;3063
4534;3278
4535;3135
4536;3252
4537;3096
4538;3279
4539;3276
4540;3094
4541;3279
4542;3277
4543;3276
4544;3247
4545;3277
4546;3094
4547;3246
4548;3279
4549;3092
4550;3277
4551;3281
4552;3095
4553;3278
4554;3277
4555;3094
4556;3278
4557;3277
4558;3094
4559;3249
4560;3277
4561;3093
4562;3278
4563;3278
4564;3094
4565;3308
4566;3277
4567;3095
4568;3278
4569;3233
4570;3124
4571;3308
4572;3276
4573;3093
4574;3166
4575;3309
4576;3125
4577;3339
4578;3278
4579;3094
4580;3369
4581;3279
4582;3094
4583;3277
4584;3278
4585;3094
4586;3279
4587;3278
4588;3308
4589;3186
4590;3277
4591;3112
4592;3246
4593;3277
4594;3095
4595;3185
4596;3277
4597;3125
4598;3376
4599;3311
4600;3267
4601;3247
4602;3277
4603;3029
4604;3278
4605;3279
4606;3096
4607;3338
4608;3282
4609;3095
4610;3249
4611;3278
4612;3094
4613;3308
4614;3279
4615;3094
4616;3308
4617;3308
4618;3034
4619;3019
4620;3339
4621;3095
4622;3309
4623;3277
4624;3125
4625;3279
4626;3277
4627;3098
4628;3278
4629;3350
4630;3096
4631;3185
4632;3278
4633;3125
4634;3222
4635;3278
4636;3095
4637;3278
4638;3277
4639;3093
4640;3247
4641;3280
4642;3218
4643;3246
4644;3277
4645;3217
4646;3195
4647;3279
4648;3094
4649;3308
4650;3277
4651;3094
4652;3278
4653;3278
4654;3093
4655;3307
4656;3279
4657;3276
4658;3186
4659;3278
4660;3276
4661;3308
4662;3278
4663;3215
4664;3259
4665;3344
4666;3199
4667;3285
4668;3278
4669;3123
4670;3131
4671;3278
4672;3314
4673;3283
4674;3277
4675;3162
4676;3161
4677;3342
4678;3225
4679;3249
4680;3280
4681;3094
4682;3147
4683;3279
4684;3033
4685;3137
4686;3278
4687;3096
4688;3345
4689;3278
4690;3097
4691;3279
4692;3279
4693;3092
4694;3158
4695;3276
4696;3093
4697;3279
4698;3277
4699;3096
4700;3279
4701;3277
4702;3095
4703;3279
4704;3278
4705;3094
4706;3278
4707;3277
4708;3094
4709;3309
4710;3338
4711;3093
4712;3246
4713;3280
4714;3093
4715;3279
4716;3277
4717;3096
4718;3272
4719;3278
4720;3093
4721;3278
4722;3276
4723;3095
4724;3309
4725;3277
4726;3089
4727;3277
4728;3278
4729;3095
4730;3307
4731;3276
4732;3094
4733;3309
4734;3277
4735;3094
4736;3281
4737;3277
4738;3093
4739;3277
4740;3276
4741;3093
4742;3277
4743;3278
4744;3093
4745;3277
4746;3277
4747;3096
4748;3309
4749;3277
4750;3093
4751;3277
4752;3278
4753;3096
4754;3308
4755;3303
4756;3260
4757;3188
4758;3278
4759;3095
4760;3033
4761;3278
4762;3125
4763;3246
4764;3277
4765;3125
4766;3247
4767;3277
4768;3126
4769;3246
4770;3278
4771;3125
4772;3247
4773;3277
4774;3124
4775;3247
4776;3277
4777;3124
4778;3347
4779;3278
4780;3095
4781;3309
4782;3278
4783;3094
4784;3309
4785;3279
4786;3306
4787;3246
4788;3277
4789;3094
4790;3277
4791;3278
4792;3094
4793;3276
4794;3279
4795;3095
4796;3278
4797;3279
4798;3094
4799;3248
4800;3332
4801;3310
4802;3339
4803;3278
4804;3092
4805;3261
4806;3278
4807;3095
4808;3249
4809;3278
4810;3093
4811;3463
4812;3277
4813;3062
4814;3309
4815;3277
4816;3094
4817;3309
4818;3277
4819;3096
4820;3277
4821;3277
4822;3094
4823;3307
4824;3278
4825;3093
4826;3308
4827;3277
4828;3094
4829;3276
4830;3279
4831;3034
4832;3246
4833;3278
4834;3032
4835;3307
4836;3276
4837;3092
4838;3307
4839;3273
4840;3094
4841;3309
4842;3272
4843;3094
4844;3308
4845;3304
4846;3091
4847;3248
4848;3277
4849;3094
4850;3308
4851;3277
4852;3093
4853;3249
4854;3278
4855;3089
4856;3307
4857;3277
4858;3094
4859;3338
4860;3277
4861;3094
4862;3247
4863;3277
4864;3094
4865;3308
4866;3278
4867;3094
4868;3375
4869;3275
4870;3033
4871;3248
4872;3278
4873;3094
4874;3310
4875;3279
4876;3033
4877;3246
4878;3216
4879;3277
4880;3134
4881;3217
4882;3094
4883;3277
4884;3278
4885;3093
4886;3278
4887;3277
4888;3094
4889;3246
4890;3344
4891;3095
4892;3309
4893;3278
4894;3279
4895;3132
4896;3278
4897;3095
4898;3246
4899;3277
4900;3094
4901;3246
4902;3279
4903;3093
4904;3277
4905;3276
4906;3093
4907;3309
4908;3279
4909;3095
4910;3277
4911;3276
4912;3094
4913;3308
4914;3277
4915;3093
4916;3307
4917;3277
4918;3094
4919;3277
4920;3195
4921;3124
4922;3310
4923;3277
4924;3094
4925;3306
4926;3277
4927;3125
4928;3245
4929;3277
4930;3081
4931;3307
4932;3277
4933;3278
4934;3216
4935;3343
4936;3095
4937;3185
4938;3277
4939;3122
4940;3246
4941;3280
4942;3124
4943;3248
4944;3310
4945;3094
4946;3278
4947;3278
4948;3127
4949;3249
4950;3277
4951;3096
4952;3307
4953;3276
4954;3091
4955;3308
4956;3275
4957;3301
4958;3346
4959;3277
4960;3054
4961;3278
4962;3278
4963;3094
4964;3280
4965;3277
4966;3095
4967;3246
4968;3279
4969;3093
4970;3308
4971;3277
4972;3094
4973;3305
4974;3277
4975;3094
4976;3308
4977;3278
4978;3094
4979;3186
4980;3344
4981;3094
4982;3307
4983;3277
4984;3093
4985;3186
4986;3277
4987;3124
4988;3185
4989;3280
4990;3095
4991;3246
4992;3278
4993;3093
4994;3187
4995;3278
4996;3216
4997;3244
4998;3278
4999;3278
5000;3185
