count;dtBaro
1;3226
2;3335
3;3274
4;3182
5;3335
6;3274
7;3091
8;3273
9;3274
10;3092
11;3303
12;3276
13;3282
14;3185
15;3274
16;3091
17;3274
18;3274
19;3091
20;3274
21;3275
22;3091
23;3272
24;3274
25;3091
26;3307
27;3273
28;3092
29;3273
30;3273
31;3091
32;3274
33;3275
34;3091
35;3274
36;3274
37;3090
38;3274
39;3275
40;3227
41;3183
42;3274
43;3092
44;3276
45;3273
46;3092
47;3273
48;3273
49;3091
50;3461
51;3277
52;3091
53;3182
54;3274
55;3091
56;3274
57;2707
58;3171
59;3306
60;3277
61;3259
62;3246
63;3275
64;3124
65;3129
66;3305
67;3123
68;3214
69;3276
70;3081
71;3245
72;3273
73;3121
74;3211
75;3275
76;3122
77;3653
78;3304
79;3274
80;3197
81;3275
82;3091
83;3303
84;3274
85;3092
86;3274
87;3274
88;3091
89;3304
90;3275
91;3090
92;3304
93;3274
94;3094
95;3305
96;3273
97;3092
98;3335
99;3273
100;3227
101;3275
102;3274
103;2884
104;3277
105;3274
106;3093
107;3335
108;3276
109;3093
110;3305
111;3274
112;3090
113;3304
114;3274
115;3091
116;3304
117;3274
118;3091
119;3305
120;3275
121;3091
122;3305
123;3275
124;3091
125;3305
126;3274
127;3092
128;3302
129;3278
130;3092
131;3275
132;3275
133;3090
134;3305
135;3275
136;3091
137;3304
138;3275
139;3093
140;3307
141;3274
142;3092
143;3304
144;3306
145;3309
146;3213
147;3320
148;2946
149;3276
150;3274
151;3092
152;3274
153;3275
154;3092
155;3341
156;3275
157;3091
158;3306
159;3275
160;3275
161;3246
162;3274
163;3030
164;3194
165;3275
166;3091
167;3273
168;3275
169;3091
170;3306
171;3274
172;3091
173;3273
174;3275
175;3311
176;3276
177;3275
178;3093
179;3337
180;3275
181;3095
182;3305
183;3243
184;3093
185;3305
186;3274
187;3091
188;3306
189;3275
190;3092
191;3304
192;3271
193;3315
194;3183
195;3276
196;3031
197;3243
198;3275
199;3031
200;3132
201;3275
202;3091
203;3276
204;3276
205;3092
206;3245
207;3275
208;3277
209;3160
210;3275
211;3091
212;3305
213;3275
214;3091
215;3305
216;3274
217;3124
218;3275
219;3274
220;3228
221;3275
222;3274
223;3092
224;3275
225;3276
226;3276
227;3163
228;3275
229;3093
230;3275
231;3274
232;3092
233;3275
234;3277
235;3092
236;3245
237;3349
238;3067
239;3244
240;3275
241;3092
242;3275
243;3276
244;3139
245;3299
246;3276
247;3080
248;3276
249;3276
250;3095
251;3337
252;3275
253;3047
254;3303
255;3275
256;3093
257;3305
258;3301
259;3261
260;3305
261;3273
262;3092
263;3246
264;3280
265;3119
266;3304
267;3276
268;3092
269;3306
270;3275
271;3093
272;3306
273;3307
274;3094
275;3311
276;3274
277;3091
278;3245
279;3277
280;3279
281;3331
282;3275
283;3356
284;3237
285;3309
286;3076
287;3148
288;3275
289;3031
290;3248
291;3276
292;3184
293;3196
294;3274
295;3094
296;3243
297;3277
298;3092
299;3241
300;3307
301;3030
302;3307
303;3278
304;3093
305;3307
306;3275
307;3092
308;3306
309;3275
310;3093
311;3308
312;3308
313;3090
314;3245
315;3275
316;3032
317;3184
318;3274
319;3092
320;3275
321;3276
322;3306
323;3307
324;3274
325;3092
326;3306
327;3351
328;3388
329;3201
330;3307
331;3030
332;3138
333;3309
334;3343
335;3148
336;3277
337;3033
338;3246
339;3276
340;3230
341;3178
342;3305
343;3262
344;3130
345;3276
346;3199
347;3337
348;3276
349;3028
350;3274
351;3275
352;3032
353;3244
354;3275
355;3030
356;3306
357;3278
358;3093
359;3337
360;3275
361;3033
362;3181
363;3276
364;3091
365;3275
366;3276
367;3095
368;3276
369;3277
370;3093
371;3243
372;3278
373;3315
374;3184
375;3275
376;3092
377;3275
378;3279
379;3092
380;3277
381;3276
382;3093
383;3275
384;3277
385;3090
386;3274
387;3277
388;3092
389;3277
390;3277
391;3092
392;3244
393;3276
394;3093
395;3308
396;3276
397;3124
398;3275
399;3276
400;3228
401;3277
402;3276
403;3094
404;3307
405;3276
406;3032
407;3255
408;3275
409;3259
410;3278
411;3274
412;3094
413;3313
414;3274
415;3093
416;3215
417;3069
418;3282
419;3245
420;3276
421;3277
422;3195
423;3276
424;3092
425;3306
426;3276
427;3092
428;3769
429;3275
430;3063
431;3249
432;3277
433;3032
434;3214
435;3310
436;3258
437;3241
438;3277
439;3031
440;3246
441;3277
442;3093
443;3306
444;3399
445;3093
446;3616
447;3276
448;2990
449;3267
450;3343
451;3217
452;3341
453;3277
454;3024
455;3199
456;3275
457;3075
458;3277
459;3309
460;3186
461;3309
462;3276
463;3089
464;3258
465;3278
466;2989
467;3276
468;3276
469;3319
470;3278
471;3276
472;3065
473;3193
474;3277
475;3293
476;3179
477;3275
478;3014
479;3150
480;3277
481;3032
482;3337
483;3277
484;3203
485;3217
486;3276
487;3091
488;3278
489;3277
490;3064
491;3184
492;3277
493;3093
494;3307
495;3276
496;3095
497;3307
498;3276
499;3337
500;3275
501;3276
502;3034
503;3889
504;3277
505;2952
506;3220
507;3063
508;3091
509;3283
510;3309
511;3075
512;3216
513;3276
514;3074
515;3124
516;3276
517;3136
518;3153
519;3276
520;3279
521;3139
522;3276
523;3032
524;3307
525;3278
526;3033
527;3307
528;3279
529;3093
530;3307
531;3273
532;3093
533;3124
534;3277
535;3094
536;3276
537;3276
538;3278
539;3131
540;3278
541;3093
542;3277
543;3276
544;3092
545;3276
546;3277
547;3092
548;3276
549;3278
550;3093
551;3308
552;3275
553;3092
554;3363
555;3308
556;3095
557;3217
558;3278
559;3126
560;3276
561;4075
562;3003
563;3279
564;3306
565;3066
566;3194
567;3276
568;3106
569;3277
570;3276
571;3075
572;3185
573;3277
574;3265
575;3267
576;3374
577;3015
578;3275
579;3277
580;3216
581;3198
582;3277
583;3032
584;3234
585;3277
586;3033
587;3247
588;3310
589;3032
590;3249
591;3279
592;3292
593;3179
594;3302
595;3121
596;3278
597;3008
598;3368
599;3431
600;3277
601;3032
602;3185
603;3278
604;3033
605;3185
606;3248
607;3130
608;3236
609;3289
610;3037
611;3184
612;3276
613;3263
614;3282
615;3276
616;3292
617;3308
618;3300
619;3032
620;3185
621;3309
622;3031
623;3248
624;3277
625;3034
626;3152
627;3309
628;3093
629;3278
630;3276
631;3093
632;3277
633;3244
634;3094
635;3276
636;3275
637;3276
638;3165
639;3280
640;3228
641;3184
642;3278
643;3095
644;3333
645;3278
646;3093
647;3215
648;3277
649;3279
650;3132
651;3274
652;3313
653;3161
654;3278
655;3094
656;3215
657;3278
658;3094
659;3310
660;3277
661;3096
662;3276
663;3278
664;3094
665;3277
666;3276
667;3278
668;3258
669;3277
670;3095
671;3277
672;3277
673;3306
674;3165
675;3276
676;3094
677;3216
678;3278
679;3280
680;3131
681;3279
682;3281
683;3158
684;3277
685;3262
686;3309
687;3277
688;3314
689;3277
690;3281
691;3307
692;3227
693;3310
694;3293
695;3179
696;3277
697;3294
698;3176
699;3277
700;3278
701;3282
702;3277
703;2943
704;3211
705;3278
706;3217
707;3226
708;3276
709;3002
710;3310
711;3278
712;3094
713;3280
714;3309
715;3092
716;3276
717;3276
718;2974
719;3191
720;3276
721;3034
722;3278
723;3306
724;3065
725;3280
726;3276
727;2992
728;3266
729;3276
730;3067
731;3289
732;3280
733;3032
734;3275
735;3279
736;3374
737;3277
738;3276
739;2992
740;3203
741;3341
742;3062
743;3289
744;3279
745;3277
746;3278
747;3279
748;3292
749;3278
750;3276
751;3156
752;3277
753;3276
754;3002
755;3196
756;3276
757;3292
758;3278
759;3308
760;3279
761;3281
762;3308
763;3155
764;3277
765;3306
766;2916
767;3190
768;3278
769;2944
770;3192
771;3276
772;3182
773;3200
774;3306
775;3126
776;3368
777;3276
778;3198
779;3404
780;3308
781;2967
782;3188
783;3277
784;3034
785;3279
786;3275
787;3127
788;3278
789;3306
790;3216
791;3278
792;3278
793;3152
794;3307
795;3277
796;3063
797;3281
798;3309
799;2945
800;3193
801;3303
802;3338
803;3313
804;3307
805;3262
806;3281
807;3276
808;3033
809;3278
810;3276
811;3002
812;3195
813;3276
814;3002
815;3281
816;3276
817;3248
818;3278
819;3275
820;3186
821;3280
822;3277
823;3033
824;3280
825;3275
826;3066
827;3279
828;3276
829;2945
830;3191
831;3278
832;3062
833;3134
834;3276
835;3033
836;3300
837;3277
838;3293
839;3314
840;3277
841;3241
842;3234
843;3307
844;3220
845;3283
846;3279
847;3125
848;3310
849;3276
850;3278
851;3279
852;3308
853;2966
854;3199
855;3276
856;2993
857;3300
858;3278
859;3312
860;3278
861;3276
862;3007
863;3190
864;3276
865;3032
866;3126
867;3309
868;3444
869;3266
870;3277
871;3339
872;3277
873;3275
874;3406
875;3277
876;3277
877;3279
878;3308
879;3277
880;3096
881;3313
882;3276
883;2972
884;3196
885;3276
886;2945
887;3193
888;3276
889;3065
890;3256
891;3274
892;3061
893;3284
894;3280
895;3123
896;3216
897;3954
898;3125
899;3246
900;3795
901;2898
902;3277
903;3277
904;3002
905;3279
906;3276
907;3174
908;3276
909;3276
910;3248
911;3190
912;3522
913;3152
914;3264
915;3311
916;2997
917;3307
918;3279
919;3093
920;3307
921;3276
922;3094
923;3278
924;3276
925;3095
926;3277
927;3276
928;2911
929;3277
930;3277
931;3124
932;3279
933;3277
934;3185
935;3277
936;3247
937;2911
938;3195
939;3275
940;3247
941;3279
942;3276
943;3247
944;3277
945;3279
946;3184
947;3278
948;3276
949;2824
950;3342
951;3277
952;3094
953;3277
954;3276
955;3048
956;3182
957;3277
958;3133
959;3299
960;3278
961;3187
962;3280
963;3276
964;3215
965;3311
966;3276
967;2971
968;3277
969;3273
970;2963
971;3268
972;3277
973;3004
974;3279
975;3309
976;2944
977;3195
978;3276
979;3340
980;3280
981;3276
982;2954
983;3183
984;3342
985;3289
986;3241
987;3308
988;3033
989;3280
990;3276
991;3034
992;2556
993;3182
994;3094
995;3308
996;3276
997;3092
998;3246
999;3279
1000;3277
1001;3188
1002;3275
1003;3094
1004;3347
1005;3308
1006;3094
1007;3153
1008;3341
1009;3096
1010;3215
1011;3244
1012;3094
1013;3277
1014;3307
1015;3093
1016;3310
1017;3276
1018;3093
1019;3245
1020;3278
1021;3093
1022;3276
1023;3462
1024;3309
1025;3307
1026;3229
1027;3095
1028;3340
1029;3278
1030;3270
1031;3292
1032;3277
1033;3260
1034;3307
1035;3277
1036;3066
1037;3280
1038;3335
1039;3007
1040;3194
1041;3247
1042;3032
1043;3208
1044;3277
1045;3034
1046;3246
1047;3309
1048;3294
1049;3274
1050;3279
1051;3033
1052;3308
1053;3275
1054;3095
1055;3285
1056;3277
1057;3032
1058;3277
1059;3277
1060;3232
1061;3319
1062;3276
1063;3282
1064;3279
1065;3305
1066;2996
1067;3205
1068;3305
1069;3062
1070;3287
1071;3278
1072;3156
1073;3279
1074;3280
1075;3122
1076;3169
1077;3276
1078;3033
1079;3277
1080;3276
1081;3033
1082;3246
1083;3276
1084;3093
1085;3248
1086;3277
1087;3293
1088;3292
1089;3307
1090;3035
1091;3286
1092;3276
1093;3033
1094;2979
1095;3277
1096;3068
1097;3196
1098;3332
1099;3120
1100;3246
1101;3276
1102;3094
1103;3276
1104;3277
1105;3094
1106;3246
1107;3279
1108;3095
1109;3247
1110;3277
1111;3094
1112;3307
1113;3276
1114;3097
1115;3245
1116;3278
1117;3093
1118;3248
1119;3309
1120;3260
1121;3186
1122;3276
1123;3096
1124;3247
1125;3276
1126;3095
1127;3247
1128;3278
1129;3124
1130;3247
1131;3279
1132;3094
1133;3308
1134;3307
1135;3093
1136;3247
1137;3368
1138;3137
1139;2853
1140;3249
1141;3124
1142;3185
1143;3276
1144;3124
1145;3247
1146;3277
1147;3124
1148;3216
1149;3277
1150;3124
1151;3307
1152;3279
1153;3125
1154;3248
1155;3309
1156;3124
1157;3884
1158;3312
1159;3317
1160;3190
1161;3280
1162;3319
1163;3314
1164;3311
1165;3250
1166;3313
1167;3310
1168;3311
1169;3280
1170;3280
1171;3341
1172;3314
1173;3282
1174;3189
1175;3311
1176;3281
1177;3310
1178;3279
1179;3311
1180;3282
1181;3310
1182;3278
1183;3343
1184;5610
1185;3248
1186;3279
1187;5776
1188;3290
1189;3277
1190;3156
1191;3280
1192;3280
1193;3280
1194;3279
1195;3309
1196;3339
1197;3281
1198;3279
1199;3095
1200;3278
1201;3280
1202;3433
1203;3278
1204;3280
1205;3035
1206;3277
1207;3278
1208;3278
1209;3280
1210;3312
1211;2868
1212;3240
1213;3280
1214;3034
1215;3277
1216;3278
1217;3094
1218;3280
1219;3277
1220;3095
1221;3279
1222;3277
1223;3096
1224;3281
1225;3278
1226;2942
1227;3196
1228;3423
1229;3256
1230;3309
1231;3277
1232;2941
1233;3198
1234;3307
1235;2974
1236;3310
1237;3278
1238;2991
1239;3270
1240;3277
1241;3115
1242;3208
1243;3278
1244;3033
1245;3174
1246;3277
1247;3311
1248;3391
1249;3279
1250;3054
1251;3286
1252;3278
1253;3094
1254;3295
1255;3279
1256;3094
1257;3265
1258;3279
1259;3036
1260;3228
1261;3277
1262;3033
1263;3248
1264;3278
1265;3035
1266;3309
1267;3279
1268;3219
1269;3257
1270;3279
1271;3264
1272;3150
1273;3278
1274;3197
1275;3311
1276;3278
1277;3034
1278;3432
1279;3277
1280;3187
1281;3198
1282;3280
1283;3034
1284;3280
1285;3276
1286;3031
1287;3246
1288;3308
1289;3038
1290;3214
1291;3279
1292;3095
1293;3188
1294;3278
1295;3095
1296;3247
1297;3280
1298;3096
1299;3277
1300;3277
1301;3100
1302;3246
1303;3312
1304;3096
1305;3280
1306;3344
1307;3234
1308;3177
1309;3277
1310;3282
1311;3133
1312;3279
1313;3045
1314;3215
1315;3279
1316;3097
1317;3251
1318;3322
1319;2921
1320;3187
1321;3309
1322;3099
1323;3277
1324;3277
1325;3279
1326;3258
1327;3277
1328;3127
1329;3247
1330;3277
1331;3095
1332;3248
1333;3277
1334;3125
1335;3248
1336;3278
1337;3126
1338;3274
1339;3278
1340;3280
1341;3309
1342;3279
1343;3280
1344;3249
1345;3278
1346;3097
1347;3249
1348;2977
1349;3101
1350;3186
1351;3329
1352;3126
1353;3310
1354;3277
1355;3126
1356;3279
1357;3280
1358;3246
1359;3247
1360;3280
1361;3248
1362;3217
1363;3282
1364;3350
1365;3299
1366;3279
1367;3095
1368;3145
1369;3280
1370;3092
1371;3280
1372;3278
1373;3035
1374;3310
1375;3278
1376;3034
1377;3250
1378;3277
1379;3126
1380;3310
1381;3278
1382;3097
1383;3382
1384;3308
1385;3034
1386;3247
1387;3277
1388;3034
1389;3308
1390;3278
1391;3263
1392;3307
1393;3278
1394;3334
1395;3280
1396;3279
1397;3219
1398;3284
1399;3280
1400;2991
1401;3271
1402;3279
1403;3110
1404;3152
1405;3279
1406;3066
1407;3309
1408;3377
1409;3141
1410;3181
1411;3278
1412;3034
1413;3218
1414;3310
1415;3035
1416;3187
1417;3278
1418;3277
1419;3309
1420;3247
1421;3231
1422;3138
1423;3277
1424;3263
1425;3183
1426;3280
1427;3199
1428;3270
1429;3277
1430;3096
1431;3308
1432;3280
1433;3034
1434;3278
1435;3278
1436;3094
1437;3278
1438;3277
1439;3014
1440;3264
1441;3277
1442;3098
1443;3247
1444;3278
1445;3035
1446;3311
1447;3280
1448;3311
1449;3254
1450;3277
1451;3204
1452;3196
1453;3342
1454;3300
1455;3234
1456;3313
1457;3053
1458;3177
1459;3280
1460;3035
1461;3278
1462;3281
1463;3097
1464;3278
1465;3278
1466;3035
1467;3247
1468;3280
1469;3281
1470;3164
1471;3278
1472;3313
1473;3196
1474;3277
1475;3036
1476;3278
1477;3314
1478;3370
1479;3201
1480;3279
1481;3206
1482;3281
1483;3278
1484;3079
1485;3179
1486;3279
1487;3035
1488;3309
1489;3284
1490;3224
1491;3163
1492;3281
1493;3098
1494;3305
1495;3277
1496;3065
1497;3298
1498;3409
1499;3288
1500;3281
1501;3277
1502;3034
1503;3279
1504;3279
1505;2990
1506;3272
1507;3280
1508;3034
1509;3289
1510;3279
1511;3095
1512;3297
1513;3309
1514;3277
1515;3282
1516;3278
1517;3053
1518;3242
1519;3279
1520;3112
1521;3152
1522;3278
1523;3095
1524;3309
1525;3277
1526;3097
1527;4678
1528;3280
1529;2852
1530;3281
1531;3277
1532;2909
1533;3279
1534;3308
1535;2974
1536;3282
1537;3278
1538;3129
1539;3278
1540;3278
1541;3128
1542;3656
1543;3277
1544;3254
1545;3279
1546;3106
1547;3187
1548;3277
1549;3125
1550;3034
1551;3280
1552;3280
1553;3187
1554;3276
1555;3280
1556;3007
1557;3197
1558;3278
1559;3027
1560;3242
1561;3290
1562;2896
1563;3242
1564;3282
1565;3126
1566;3310
1567;3276
1568;3157
1569;3282
1570;3308
1571;3155
1572;3280
1573;3279
1574;3219
1575;3279
1576;3281
1577;3217
1578;3280
1579;3277
1580;3248
1581;3280
1582;3280
1583;3310
1584;3342
1585;3124
1586;3246
1587;3215
1588;3287
1589;3257
1590;3279
1591;3080
1592;3146
1593;3341
1594;3126
1595;3186
1596;3278
1597;3308
1598;3250
1599;3278
1600;3338
1601;3309
1602;3280
1603;3279
1604;3221
1605;3278
1606;3253
1607;3279
1608;3280
1609;3094
1610;3279
1611;3279
1612;3094
1613;3278
1614;3279
1615;3094
1616;3310
1617;3278
1618;3094
1619;3342
1620;3279
1621;3095
1622;3371
1623;3311
1624;3096
1625;3249
1626;3277
1627;3311
1628;3247
1629;3249
1630;3339
1631;3142
1632;3279
1633;3248
1634;3208
1635;3311
1636;3273
1637;3328
1638;3280
1639;3050
1640;3288
1641;3280
1642;3035
1643;3291
1644;3278
1645;3105
1646;3311
1647;3279
1648;3036
1649;3186
1650;3280
1651;3036
1652;3245
1653;3249
1654;3096
1655;3181
1656;3275
1657;3095
1658;3218
1659;3278
1660;3099
1661;3370
1662;3436
1663;3311
1664;3135
1665;3313
1666;3312
1667;3137
1668;3312
1669;3311
1670;3291
1671;3282
1672;3284
1673;3281
1674;3313
1675;3273
1676;3284
1677;3312
1678;3439
1679;3383
1680;3311
1681;3280
1682;3281
1683;3311
1684;3188
1685;3280
1686;3282
1687;3312
1688;3281
1689;3281
1690;3255
1691;3343
1692;3282
1693;3252
1694;3281
1695;3311
1696;3310
1697;3280
1698;3312
1699;3189
1700;3281
1701;3281
1702;3251
1703;3281
1704;3282
1705;3311
1706;3281
1707;3281
1708;3220
1709;3315
1710;3280
1711;3250
1712;3281
1713;3283
1714;3313
1715;3280
1716;3238
1717;3274
1718;3310
1719;3314
1720;3282
1721;3312
1722;3343
1723;3314
1724;3326
1725;3283
1726;3281
1727;3281
1728;3343
1729;3282
1730;3312
1731;3189
1732;3251
1733;3281
1734;3066
1735;3315
1736;3282
1737;3343
1738;3311
1739;3281
1740;3341
1741;3282
1742;3280
1743;3250
1744;3312
1745;3281
1746;3189
1747;3280
1748;3312
1749;3282
1750;3280
1751;3281
1752;3281
1753;3313
1754;3676
1755;3188
1756;3282
1757;3311
1758;3282
1759;3280
1760;3234
1761;3286
1762;3278
1763;3146
1764;3181
1765;3280
1766;3245
1767;3142
1768;3356
1769;3318
1770;3315
1771;3313
1772;2822
1773;3166
1774;3279
1775;3376
1776;3322
1777;3310
1778;3127
1779;3280
1780;3277
1781;2854
1782;3196
1783;4044
1784;3219
1785;3497
1786;3371
1787;3196
1788;3278
1789;3278
1790;3379
1791;3281
1792;3095
1793;3338
1794;3279
1795;3279
1796;3228
1797;3279
1798;3261
1799;3220
1800;3279
1801;3025
1802;3343
1803;3280
1804;3037
1805;3280
1806;3279
1807;3036
1808;3250
1809;3338
1810;3066
1811;3371
1812;3279
1813;3066
1814;3377
1815;3280
1816;3217
1817;3138
1818;3279
1819;3257
1820;3283
1821;3279
1822;3066
1823;3304
1824;3308
1825;3119
1826;3272
1827;3312
1828;3032
1829;3144
1830;3279
1831;3032
1832;3159
1833;3278
1834;3094
1835;3252
1836;3278
1837;3094
1838;3217
1839;3278
1840;3279
1841;3166
1842;3279
1843;3096
1844;3245
1845;3280
1846;3098
1847;3281
1848;3279
1849;3097
1850;3278
1851;3280
1852;3096
1853;3341
1854;3309
1855;3004
1856;3278
1857;3279
1858;3221
1859;3225
1860;3278
1861;3098
1862;3218
1863;3344
1864;3263
1865;3240
1866;3283
1867;3095
1868;3991
1869;3255
1870;3170
1871;3216
1872;3280
1873;2943
1874;3291
1875;3282
1876;3069
1877;3250
1878;3279
1879;3000
1880;3294
1881;3281
1882;3032
1883;3180
1884;3280
1885;3200
1886;3180
1887;3279
1888;3035
1889;3228
1890;3279
1891;3035
1892;3217
1893;3314
1894;3263
1895;3278
1896;3279
1897;3129
1898;3279
1899;3280
1900;3034
1901;3231
1902;3317
1903;3340
1904;3348
1905;3311
1906;3073
1907;3161
1908;3280
1909;3036
1910;3343
1911;3311
1912;3266
1913;3335
1914;3313
1915;3738
1916;3282
1917;3280
1918;3067
1919;3280
1920;3285
1921;3089
1922;3237
1923;3228
1924;3093
1925;3232
1926;3281
1927;3270
1928;3282
1929;3313
1930;3162
1931;3278
1932;3377
1933;2946
1934;3227
1935;3713
1936;2879
1937;3280
1938;3233
1939;3093
1940;3278
1941;3279
1942;3096
1943;3280
1944;3310
1945;3084
1946;3240
1947;3276
1948;3137
1949;3254
1950;3309
1951;2854
1952;3197
1953;3344
1954;3252
1955;3282
1956;3279
1957;3219
1958;3281
1959;3272
1960;2895
1961;3278
1962;3280
1963;3005
1964;3197
1965;3281
1966;3036
1967;3312
1968;3282
1969;3004
1970;3296
1971;3281
1972;3068
1973;3251
1974;3344
1975;3251
1976;3278
1977;3281
1978;3249
1979;3279
1980;3281
1981;2957
1982;3186
1983;3278
1984;2941
1985;3291
1986;3281
1987;3035
1988;3180
1989;3281
1990;3298
1991;3150
1992;3280
1993;3033
1994;3192
1995;3341
1996;3279
1997;3139
1998;3310
1999;3142
2000;3274
2001;3311
2002;3035
2003;3162
2004;3280
2005;3263
2006;3272
2007;3279
2008;3034
2009;3198
2010;3278
2011;3034
2012;3157
2013;3281
2014;3263
2015;3248
2016;3279
2017;3249
2018;3297
2019;3280
2020;3232
2021;3178
2022;3275
2023;3035
2024;3340
2025;3279
2026;3096
2027;3152
2028;3280
2029;3035
2030;3157
2031;3279
2032;3310
2033;3311
2034;3278
2035;3095
2036;3310
2037;3279
2038;3335
2039;3140
2040;3311
2041;3070
2042;3127
2043;3313
2044;3266
2045;3302
2046;3312
2047;3308
2048;3965
2049;3048
2050;3066
2051;3286
2052;3277
2053;3093
2054;3282
2055;3282
2056;2926
2057;3184
2058;3278
2059;3035
2060;3280
2061;3282
2062;3252
2063;3280
2064;3279
2065;3131
2066;3204
2067;3278
2068;3125
2069;3280
2070;3280
2071;3098
2072;3314
2073;3280
2074;2876
2075;3205
2076;3279
2077;3036
2078;3282
2079;3280
2080;3039
2081;3249
2082;4872
2083;3280
2084;3276
2085;3341
2086;3282
2087;3279
2088;3106
2089;3309
2090;3280
2091;3310
2092;3250
2093;3279
2094;3126
2095;3246
2096;3279
2097;3082
2098;3283
2099;3279
2100;3098
2101;3308
2102;3278
2103;3126
2104;3279
2105;3279
2106;3122
2107;3340
2108;3279
2109;3097
2110;3281
2111;3278
2112;2972
2113;3309
2114;3277
2115;3096
2116;3309
2117;3280
2118;3095
2119;3281
2120;3309
2121;3125
2122;3309
2123;3279
2124;3264
2125;3218
2126;3279
2127;3097
2128;3379
2129;3279
2130;3295
2131;3310
2132;3278
2133;3355
2134;3282
2135;3279
2136;3081
2137;3154
2138;3279
2139;3035
2140;3404
2141;3279
2142;3206
2143;3275
2144;3279
2145;3035
2146;3245
2147;3279
2148;3037
2149;3189
2150;3279
2151;3096
2152;3310
2153;3279
2154;3355
2155;3188
2156;3281
2157;3096
2158;3185
2159;3309
2160;3035
2161;3220
2162;3280
2163;3097
2164;3248
2165;3278
2166;3097
2167;3311
2168;3278
2169;3036
2170;3189
2171;3310
2172;3096
2173;3217
2174;3279
2175;3273
2176;3281
2177;3280
2178;3036
2179;3339
2180;3278
2181;3096
2182;3310
2183;3282
2184;3035
2185;3166
2186;3281
2187;3096
2188;3279
2189;3279
2190;3095
2191;3279
2192;3281
2193;3097
2194;3280
2195;3276
2196;3059
2197;3310
2198;3310
2199;3124
2200;3279
2201;3275
2202;3034
2203;3279
2204;3312
2205;3248
2206;3188
2207;3279
2208;3095
2209;3280
2210;3279
2211;3342
2212;3248
2213;3279
2214;3036
2215;3309
2216;3373
2217;3095
2218;3194
2219;3312
2220;3179
2221;3289
2222;3282
2223;3264
2224;3160
2225;3372
2226;3278
2227;3142
2228;3310
2229;3311
2230;4091
2231;3279
2232;3066
2233;3330
2234;3209
2235;2858
2236;3193
2237;3279
2238;3036
2239;3315
2240;3310
2241;3311
2242;3279
2243;3310
2244;3124
2245;3279
2246;3279
2247;3036
2248;3199
2249;3279
2250;3096
2251;3802
2252;3279
2253;2912
2254;3280
2255;3279
2256;3034
2257;3262
2258;3279
2259;3092
2260;3233
2261;3281
2262;3028
2263;3210
2264;3279
2265;3255
2266;3209
2267;3279
2268;3203
2269;3248
2270;3280
2271;3099
2272;3281
2273;3897
2274;3163
2275;3304
2276;3280
2277;2943
2278;3277
2279;3276
2280;3157
2281;3279
2282;3278
2283;2861
2284;3401
2285;3281
2286;2896
2287;4900
2288;3281
2289;3286
2290;3281
2291;3261
2292;3298
2293;3280
2294;3096
2295;3341
2296;3314
2297;3097
2298;3248
2299;3312
2300;3096
2301;3219
2302;3249
2303;3279
2304;3167
2305;3282
2306;3096
2307;3279
2308;3381
2309;3097
2310;3248
2311;3312
2312;3359
2313;3299
2314;3281
2315;3064
2316;3143
2317;3281
2318;3235
2319;3148
2320;3309
2321;3035
2322;3251
2323;3311
2324;3096
2325;3158
2326;3280
2327;3096
2328;3187
2329;3312
2330;3095
2331;3279
2332;3280
2333;3096
2334;3279
2335;3280
2336;3096
2337;3281
2338;3279
2339;3097
2340;3279
2341;3280
2342;3347
2343;3222
2344;3279
2345;3037
2346;3249
2347;3280
2348;3343
2349;3187
2350;3309
2351;3279
2352;3228
2353;3312
2354;3062
2355;3394
2356;3280
2357;3097
2358;3191
2359;3280
2360;3035
2361;3248
2362;3279
2363;3035
2364;3310
2365;3314
2366;3397
2367;3205
2368;3314
2369;3186
2370;3143
2371;3279
2372;3035
2373;3344
2374;3280
2375;3293
2376;3186
2377;3279
2378;3230
2379;3309
2380;4155
2381;2868
2382;3296
2383;3280
2384;3037
2385;3280
2386;3279
2387;2941
2388;3845
2389;3310
2390;2956
2391;3247
2392;3279
2393;2898
2394;3153
2395;3280
2396;2969
2397;3249
2398;2829
2399;3068
2400;3513
2401;3282
2402;3089
2403;3211
2404;3279
2405;3203
2406;3315
2407;3280
2408;3217
2409;3202
2410;3311
2411;3075
2412;3313
2413;3281
2414;3093
2415;3182
2416;3279
2417;3252
2418;3329
2419;3279
2420;3086
2421;3271
2422;3279
2423;3005
2424;3184
2425;3310
2426;3066
2427;3250
2428;3280
2429;3098
2430;3188
2431;3310
2432;3035
2433;3172
2434;3311
2435;3311
2436;3249
2437;3279
2438;3033
2439;3309
2440;3279
2441;3095
2442;3341
2443;3278
2444;3035
2445;3313
2446;3311
2447;3036
2448;3314
2449;3278
2450;3251
2451;3300
2452;3280
2453;3266
2454;3273
2455;3280
2456;3091
2457;3181
2458;3280
2459;3284
2460;3134
2461;3280
2462;3035
2463;3308
2464;3281
2465;3035
2466;3250
2467;3279
2468;3094
2469;3188
2470;3282
2471;3095
2472;3228
2473;3279
2474;3098
2475;3278
2476;3279
2477;3096
2478;3281
2479;3279
2480;3096
2481;3279
2482;3219
2483;3097
2484;3279
2485;3279
2486;3096
2487;3310
2488;2834
2489;3232
2490;3310
2491;3281
2492;3100
2493;3281
2494;3280
2495;3128
2496;4485
2497;3280
2498;3035
2499;3283
2500;3279
2501;2942
2502;3286
2503;3344
2504;3000
2505;3207
2506;3282
2507;3092
2508;3236
2509;3281
2510;3035
2511;3048
2512;3229
2513;3098
2514;3307
2515;3280
2516;3098
2517;3279
2518;3281
2519;3119
2520;3249
2521;3432
2522;3079
2523;3156
2524;3279
2525;3097
2526;3281
2527;3344
2528;3095
2529;3249
2530;3280
2531;3095
2532;3281
2533;3280
2534;3098
2535;3311
2536;3283
2537;3264
2538;3278
2539;3279
2540;3066
2541;3249
2542;3280
2543;3035
2544;3198
2545;3280
2546;3279
2547;3219
2548;3279
2549;3096
2550;3155
2551;3277
2552;3096
2553;3273
2554;3311
2555;3280
2556;3257
2557;3309
2558;3035
2559;3169
2560;3281
2561;3094
2562;3311
2563;3279
2564;3097
2565;3309
2566;3280
2567;3096
2568;3247
2569;3282
2570;3097
2571;3276
2572;3278
2573;3280
2574;3168
2575;3279
2576;3097
2577;3278
2578;2837
2579;3232
2580;3370
2581;3278
2582;3038
2583;3249
2584;3281
2585;3262
2586;3215
2587;3378
2588;3096
2589;3334
2590;3278
2591;3097
2592;3311
2593;3279
2594;3095
2595;3280
2596;3282
2597;3095
2598;3250
2599;3282
2600;3096
2601;3342
2602;3281
2603;3280
2604;3184
2605;3347
2606;3263
2607;3279
2608;3281
2609;3035
2610;3310
2611;3281
2612;3036
2613;3311
2614;3278
2615;3098
2616;3310
2617;3312
2618;3036
2619;3278
2620;3278
2621;3035
2622;3290
2623;3279
2624;3097
2625;3258
2626;3311
2627;3282
2628;3227
2629;3279
2630;3193
2631;3255
2632;3280
2633;3036
2634;3279
2635;3280
2636;3262
2637;3249
2638;3279
2639;3034
2640;3187
2641;3282
2642;3313
2643;3367
2644;3316
2645;3036
2646;3374
2647;3281
2648;3035
2649;3249
2650;3341
2651;3035
2652;3228
2653;3280
2654;3035
2655;3245
2656;3280
2657;3034
2658;3312
2659;3280
2660;3035
2661;3252
2662;3312
2663;3096
2664;3250
2665;3279
2666;3034
2667;3340
2668;3353
2669;3223
2670;3284
2671;3309
2672;3093
2673;3180
2674;3284
2675;3036
2676;3375
2677;3342
2678;3252
2679;3353
2680;3346
2681;3247
2682;3281
2683;3283
2684;3059
2685;3283
2686;3282
2687;3035
2688;3282
2689;3311
2690;3065
2691;3282
2692;3310
2693;3263
2694;3285
2695;3280
2696;3251
2697;3282
2698;3279
2699;3090
2700;3231
2701;3651
2702;3281
2703;3309
2704;3280
2705;2957
2706;3307
2707;3281
2708;3187
2709;3249
2710;3280
2711;2826
2712;3280
2713;3279
2714;2904
2715;3391
2716;3282
2717;3036
2718;3200
2719;3312
2720;3078
2721;3212
2722;3278
2723;2969
2724;3311
2725;3541
2726;3158
2727;3282
2728;3174
2729;2974
2730;3279
2731;3279
2732;3097
2733;3280
2734;3309
2735;3220
2736;3283
2737;3279
2738;3049
2739;3278
2740;3279
2741;3248
2742;3281
2743;3279
2744;3096
2745;3282
2746;3309
2747;3098
2748;3278
2749;3276
2750;3096
2751;3281
2752;3279
2753;3092
2754;3279
2755;3279
2756;3084
2757;3181
2758;3356
2759;3035
2760;3252
2761;3313
2762;3011
2763;3251
2764;3279
2765;3128
2766;3282
2767;3280
2768;3096
2769;3280
2770;3280
2771;3202
2772;3183
2773;3279
2774;2957
2775;3185
2776;3279
2777;3069
2778;3251
2779;3279
2780;3005
2781;3293
2782;3281
2783;3318
2784;3313
2785;4384
2786;3218
2787;3197
2788;3280
2789;3157
2790;3278
2791;3279
2792;3067
2793;3249
2794;3279
2795;3096
2796;3280
2797;3309
2798;3126
2799;3279
2800;3127
2801;2800
2802;3274
2803;3281
2804;3279
2805;2749
2806;3248
2807;3099
2808;3280
2809;3311
2810;3006
2811;3199
2812;3281
2813;3036
2814;3283
2815;3279
2816;3171
2817;3184
2818;3280
2819;3069
2820;3250
2821;3279
2822;2997
2823;3269
2824;3284
2825;3090
2826;3299
2827;3297
2828;2821
2829;3279
2830;3277
2831;2959
2832;3274
2833;3281
2834;3160
2835;3280
2836;3279
2837;3087
2838;3239
2839;3280
2840;3035
2841;3281
2842;3330
2843;3007
2844;3281
2845;3280
2846;3074
2847;3280
2848;3204
2849;3275
2850;3384
2851;3311
2852;3161
2853;3310
2854;3313
2855;2945
2856;3283
2857;3281
2858;3161
2859;3280
2860;3279
2861;3223
2862;3315
2863;3282
2864;3256
2865;3281
2866;3280
2867;3050
2868;3279
2869;3279
2870;3219
2871;3281
2872;3312
2873;3068
2874;3279
2875;3280
2876;2827
2877;3278
2878;3280
2879;2957
2880;3187
2881;3279
2882;3036
2883;3282
2884;3281
2885;2947
2886;3191
2887;3311
2888;3066
2889;3280
2890;3279
2891;3067
2892;3251
2893;3277
2894;2997
2895;3190
2896;3311
2897;3036
2898;3146
2899;3279
2900;3035
2901;3157
2902;3280
2903;3096
2904;3188
2905;3343
2906;3095
2907;3219
2908;3283
2909;3097
2910;3310
2911;3279
2912;3203
2913;3275
2914;3309
2915;3095
2916;3249
2917;3282
2918;3096
2919;3218
2920;3281
2921;3125
2922;3280
2923;3250
2924;3278
2925;3137
2926;3281
2927;3095
2928;3310
2929;3280
2930;3097
2931;3245
2932;3278
2933;3096
2934;3247
2935;3279
2936;3280
2937;3229
2938;3093
2939;3376
2940;3193
2941;5543
2942;2915
2943;3281
2944;3374
2945;2851
2946;3280
2947;3275
2948;3005
2949;3280
2950;3279
2951;2968
2952;3194
2953;3281
2954;2790
2955;3313
2956;3249
2957;2957
2958;3185
2959;3278
2960;3283
2961;3281
2962;3279
2963;3174
2964;3243
2965;3281
2966;3089
2967;3266
2968;3280
2969;3011
2970;3192
2971;3279
2972;2941
2973;3206
2974;3280
2975;3068
2976;3167
2977;3280
2978;3286
2979;3280
2980;3280
2981;3219
2982;3285
2983;3280
2984;2941
2985;3273
2986;3280
2987;3074
2988;3165
2989;3279
2990;3036
2991;3299
2992;3279
2993;3223
2994;3285
2995;3280
2996;3164
2997;3196
2998;3279
2999;3098
3000;3243
3001;3279
3002;3034
3003;3137
3004;3279
3005;3036
3006;3189
3007;3279
3008;3097
3009;3281
3010;3279
3011;3305
3012;3290
3013;3281
3014;3094
3015;3247
3016;3279
3017;3279
3018;3284
3019;3280
3020;3036
3021;3280
3022;3279
3023;3036
3024;3128
3025;3278
3026;3098
3027;3249
3028;3058
3029;3321
3030;3275
3031;3465
3032;3307
3033;3273
3034;3281
3035;3036
3036;3184
3037;3279
3038;3035
3039;3280
3040;3305
3041;3034
3042;3220
3043;3281
3044;3251
3045;3310
3046;3438
3047;3156
3048;3168
3049;3280
3050;3036
3051;3339
3052;3280
3053;3269
3054;3153
3055;3280
3056;3098
3057;3217
3058;3277
3059;3095
3060;3340
3061;3252
3062;3095
3063;2965
3064;3232
3065;3097
3066;3279
3067;3282
3068;3095
3069;3281
3070;3279
3071;3097
3072;3280
3073;3279
3074;3097
3075;3067
3076;3259
3077;3280
3078;3287
3079;3283
3080;3096
3081;3313
3082;3310
3083;3097
3084;3246
3085;3279
3086;3096
3087;3307
3088;3280
3089;3264
3090;3188
3091;3279
3092;3092
3093;3275
3094;3309
3095;3094
3096;3218
3097;3279
3098;3095
3099;3280
3100;3280
3101;3096
3102;3310
3103;3280
3104;3094
3105;3280
3106;3284
3107;3097
3108;3336
3109;3283
3110;3097
3111;3162
3112;3277
3113;3345
3114;3191
3115;3279
3116;3277
3117;3341
3118;3279
3119;3356
3120;3076
3121;3342
3122;3136
3123;3217
3124;3315
3125;3039
3126;3272
3127;3282
3128;3097
3129;3279
3130;3312
3131;3036
3132;3228
3133;3250
3134;3267
3135;3151
3136;3312
3137;3267
3138;3342
3139;3281
3140;3073
3141;3254
3142;3280
3143;3035
3144;3204
3145;3279
3146;3035
3147;3346
3148;3279
3149;3035
3150;3248
3151;3280
3152;3348
3153;3159
3154;3279
3155;3096
3156;3247
3157;3280
3158;3036
3159;3307
3160;3279
3161;3206
3162;3322
3163;3279
3164;3340
3165;3283
3166;3337
3167;3284
3168;3280
3169;3281
3170;3098
3171;3282
3172;3279
3173;3223
3174;3279
3175;3280
3176;3160
3177;3283
3178;3279
3179;3127
3180;3250
3181;3280
3182;3244
3183;3279
3184;3282
3185;3157
3186;3310
3187;3280
3188;3036
3189;3279
3190;3278
3191;3129
3192;3278
3193;3281
3194;2867
3195;3185
3196;3315
3197;3002
3198;3281
3199;3283
3200;3127
3201;3280
3202;3282
3203;3097
3204;3282
3205;3280
3206;3097
3207;3280
3208;3279
3209;3091
3210;3280
3211;3340
3212;3062
3213;3280
3214;3280
3215;3006
3216;3251
3217;3279
3218;3036
3219;3280
3220;3279
3221;2953
3222;3275
3223;3280
3224;3283
3225;3281
3226;3280
3227;3006
3228;3199
3229;3277
3230;2990
3231;3276
3232;3279
3233;3035
3234;3273
3235;3343
3236;3128
3237;3279
3238;3279
3239;3162
3240;3254
3241;3283
3242;2903
3243;3209
3244;3280
3245;3159
3246;3280
3247;3280
3248;3186
3249;3289
3250;3280
3251;3003
3252;3281
3253;3281
3254;2944
3255;3314
3256;3396
3257;3214
3258;3342
3259;3282
3260;2974
3261;3507
3262;3279
3263;3225
3264;3282
3265;4106
3266;3162
3267;3279
3268;3127
3269;3279
3270;3254
3271;3127
3272;3251
3273;3280
3274;3129
3275;3219
3276;3311
3277;3127
3278;3251
3279;3280
3280;3402
3281;3198
3282;3278
3283;3127
3284;3253
3285;3280
3286;3127
3287;3218
3288;3279
3289;3127
3290;3249
3291;3281
3292;3128
3293;3283
3294;3279
3295;3279
3296;3340
3297;3281
3298;3095
3299;3359
3300;3313
3301;3150
3302;3309
3303;3281
3304;3265
3305;3341
3306;3343
3307;3265
3308;3185
3309;3308
3310;3118
3311;3209
3312;3279
3313;3035
3314;3246
3315;3278
3316;3032
3317;3248
3318;3280
3319;3187
3320;3138
3321;3281
3322;3095
3323;3248
3324;3279
3325;3096
3326;3316
3327;3279
3328;3035
3329;3309
3330;3281
3331;3092
3332;3309
3333;3280
3334;3099
3335;3310
3336;3277
3337;3035
3338;3139
3339;3280
3340;3097
3341;3279
3342;3282
3343;3097
3344;3281
3345;3279
3346;3389
3347;3252
3348;3280
3349;3034
3350;3171
3351;3433
3352;3096
3353;3311
3354;3315
3355;3036
3356;3253
3357;3279
3358;3313
3359;3242
3360;3279
3361;3270
3362;3146
3363;3280
3364;3035
3365;3230
3366;3283
3367;3035
3368;3141
3369;3279
3370;3098
3371;3278
3372;3280
3373;3097
3374;3280
3375;3282
3376;3096
3377;3280
3378;3280
3379;3097
3380;3245
3381;3282
3382;3097
3383;3277
3384;3282
3385;3316
3386;3218
3387;3281
3388;3097
3389;3630
3390;3313
3391;3144
3392;3237
3393;3280
3394;3037
3395;3151
3396;3279
3397;3096
3398;3190
3399;3280
3400;3281
3401;3340
3402;3313
3403;3036
3404;3194
3405;3279
3406;3035
3407;3280
3408;3310
3409;3097
3410;3311
3411;4168
3412;3146
3413;3178
3414;3188
3415;3253
3416;3282
3417;3279
3418;3084
3419;3280
3420;3278
3421;3093
3422;3284
3423;3282
3424;3097
3425;3242
3426;3280
3427;3770
3428;3250
3429;3281
3430;2976
3431;3311
3432;3279
3433;2945
3434;3280
3435;3283
3436;3010
3437;3305
3438;3279
3439;3066
3440;3345
3441;3281
3442;3222
3443;3303
3444;3279
3445;3094
3446;3248
3447;3279
3448;3102
3449;3251
3450;3280
3451;3189
3452;3281
3453;3282
3454;2941
3455;3280
3456;3280
3457;3193
3458;3279
3459;3279
3460;2986
3461;3247
3462;3310
3463;2799
3464;3282
3465;3279
3466;2799
3467;3253
3468;3311
3469;3006
3470;3280
3471;3280
3472;3253
3473;3280
3474;3279
3475;3191
3476;3283
3477;3280
3478;3046
3479;3361
3480;3281
3481;3079
3482;3196
3483;3279
3484;3006
3485;3284
3486;3281
3487;2954
3488;3192
3489;3311
3490;3132
3491;3283
3492;3279
3493;3188
3494;3231
3495;3281
3496;3003
3497;3281
3498;3313
3499;3016
3500;3279
3501;3279
3502;3332
3503;3299
3504;3280
3505;3069
3506;3199
3507;3279
3508;3130
3509;3253
3510;3280
3511;2997
3512;3085
3513;3279
3514;3035
3515;3198
3516;3280
3517;3097
3518;3341
3519;3282
3520;3066
3521;3311
3522;3280
3523;3096
3524;3310
3525;3280
3526;3240
3527;3344
3528;3278
3529;3035
3530;3188
3531;3280
3532;3037
3533;3187
3534;3279
3535;3097
3536;3396
3537;3279
3538;3096
3539;3337
3540;3279
3541;3035
3542;3228
3543;3281
3544;3310
3545;3198
3546;3344
3547;3038
3548;3248
3549;3282
3550;3035
3551;3186
3552;3278
3553;3097
3554;3251
3555;3282
3556;3263
3557;3310
3558;3280
3559;3095
3560;3249
3561;3280
3562;3098
3563;3678
3564;3279
3565;3091
3566;3297
3567;3280
3568;3120
3569;3335
3570;3282
3571;3212
3572;3334
3573;3311
3574;3018
3575;3281
3576;3311
3577;3299
3578;3283
3579;3279
3580;4323
3581;3281
3582;3282
3583;3218
3584;3276
3585;3280
3586;3065
3587;3281
3588;3279
3589;2944
3590;3279
3591;3280
3592;3045
3593;3282
3594;3279
3595;3310
3596;3279
3597;3280
3598;2944
3599;3280
3600;3279
3601;3310
3602;3802
3603;3127
3604;3167
3605;3314
3606;3129
3607;3288
3608;3282
3609;3128
3610;3224
3611;3196
3612;3310
3613;3048
3614;3311
3615;3128
3616;3285
3617;3279
3618;3213
3619;3169
3620;3279
3621;3126
3622;3250
3623;3313
3624;3187
3625;3006
3626;4869
3627;3055
3628;3299
3629;3279
3630;3037
3631;3288
3632;3310
3633;3127
3634;3287
3635;3284
3636;3158
3637;3290
3638;3280
3639;3128
3640;3291
3641;3525
3642;3069
3643;3281
3644;3282
3645;3004
3646;3280
3647;3279
3648;3003
3649;3281
3650;3278
3651;3055
3652;3179
3653;3279
3654;3203
3655;3275
3656;3279
3657;3035
3658;3314
3659;3335
3660;3219
3661;3263
3662;3280
3663;3051
3664;3274
3665;3279
3666;3034
3667;3289
3668;3343
3669;3148
3670;3298
3671;3280
3672;3035
3673;3286
3674;3279
3675;3033
3676;3134
3677;3313
3678;3035
3679;3157
3680;3279
3681;3281
3682;3187
3683;3279
3684;3095
3685;3309
3686;3279
3687;3034
3688;3314
3689;3305
3690;3037
3691;3309
3692;3277
3693;3034
3694;3309
3695;3279
3696;3065
3697;3341
3698;3372
3699;3268
3700;3287
3701;3280
3702;3183
3703;3146
3704;3312
3705;3066
3706;3380
3707;3282
3708;3124
3709;3353
3710;3279
3711;3119
3712;3297
3713;3279
3714;3064
3715;3286
3716;3309
3717;3164
3718;3256
3719;3279
3720;3182
3721;3350
3722;3279
3723;3292
3724;3249
3725;3282
3726;3007
3727;3249
3728;3278
3729;3002
3730;3200
3731;3279
3732;3036
3733;3219
3734;3280
3735;3095
3736;3310
3737;3280
3738;3037
3739;3249
3740;3279
3741;3096
3742;3188
3743;3280
3744;3312
3745;3280
3746;3280
3747;3035
3748;3248
3749;3377
3750;3036
3751;3378
3752;3282
3753;3092
3754;3229
3755;3280
3756;3095
3757;3311
3758;3282
3759;3037
3760;3190
3761;3280
3762;3036
3763;3155
3764;3280
3765;3094
3766;3248
3767;3281
3768;3096
3769;3249
3770;3279
3771;3095
3772;3249
3773;3279
3774;3278
3775;3199
3776;3279
3777;3313
3778;3187
3779;3282
3780;3095
3781;3190
3782;3279
3783;3314
3784;3250
3785;3252
3786;3037
3787;3197
3788;3278
3789;3278
3790;3137
3791;3280
3792;3279
3793;3136
3794;3311
3795;3095
3796;2828
3797;3278
3798;3262
3799;3309
3800;3278
3801;3330
3802;3250
3803;3309
3804;3096
3805;3217
3806;3279
3807;3280
3808;3134
3809;3279
3810;3096
3811;3251
3812;3278
3813;3097
3814;3279
3815;3278
3816;3118
3817;3272
3818;3273
3819;3089
3820;3272
3821;3274
3822;3091
3823;3301
3824;3275
3825;3090
3826;3304
3827;3270
3828;3089
3829;3307
3830;3271
3831;3118
3832;3336
3833;3272
3834;3535
3835;3198
3836;3305
3837;3134
3838;3178
3839;3371
3840;3031
3841;3034
3842;3275
3843;3091
3844;3181
3845;3273
3846;3089
3847;3272
3848;3272
3849;3305
3850;3183
3851;3275
3852;3089
3853;3242
3854;3273
3855;3119
3856;3243
3857;3337
3858;3257
3859;3183
3860;3244
3861;3089
3862;3182
3863;3273
3864;3089
3865;3794
3866;3273
3867;3005
3868;3191
3869;3272
3870;3028
3871;3242
3872;3305
3873;3269
3874;3293
3875;3272
3876;3057
3877;3284
3878;3272
3879;3207
3880;2940
3881;3273
3882;3091
3883;3242
3884;3273
3885;3092
3886;3374
3887;3304
3888;3241
3889;3313
3890;3275
3891;3053
3892;3137
3893;3274
3894;3030
3895;3333
3896;3302
3897;3257
3898;3169
3899;3303
3900;3334
3901;3192
3902;3305
3903;3028
3904;3336
3905;3273
3906;3027
3907;3334
3908;3273
3909;3027
3910;3223
3911;3307
3912;3029
3913;3272
3914;3243
3915;3090
3916;3305
3917;3304
3918;3028
3919;3305
3920;3273
3921;3091
3922;3303
3923;3272
3924;3275
3925;3306
3926;3272
3927;3090
3928;3282
3929;2855
3930;2996
3931;3342
3932;3305
3933;3089
3934;3272
3935;3273
3936;3087
3937;3339
3938;3275
3939;3307
3940;3310
3941;3306
3942;3308
3943;3300
3944;3308
3945;3246
3946;3278
3947;3308
3948;3337
3949;3277
3950;3277
3951;3276
3952;3277
3953;3306
3954;3338
3955;3306
3956;3277
3957;3092
3958;3306
3959;3307
3960;3183
3961;3306
3962;3275
3963;3122
3964;3306
3965;3276
3966;3214
3967;3275
3968;3278
3969;3338
3970;3276
3971;3307
3972;3215
3973;3276
3974;3306
3975;3214
3976;3316
3977;3306
3978;3277
3979;3306
3980;3307
3981;3275
3982;3275
3983;3121
3984;3359
3985;3274
3986;3091
3987;3334
3988;3274
3989;3089
3990;3242
3991;3274
3992;3090
3993;3155
3994;3273
3995;3120
3996;3243
3997;3276
3998;3120
3999;3214
4000;3274
4001;3120
4002;3212
4003;3277
4004;3121
4005;3214
4006;3299
4007;3304
4008;3280
4009;3304
4010;3303
4011;3332
4012;3274
4013;3090
4014;3337
4015;3274
4016;3274
4017;3149
4018;3273
4019;3405
4020;3281
4021;3313
4022;3315
4023;3237
4024;3304
4025;3055
4026;3195
4027;3274
4028;3028
4029;3370
4030;3272
4031;3091
4032;3204
4033;3271
4034;3030
4035;3241
4036;3273
4037;3031
4038;3179
4039;3272
4040;3117
4041;3242
4042;3304
4043;3091
4044;3242
4045;3305
4046;3091
4047;3182
4048;3273
4049;3093
4050;3273
4051;3276
4052;3476
4053;3211
4054;3305
4055;3254
4056;3303
4057;3274
4058;3030
4059;3303
4060;3273
4061;3090
4062;3304
4063;3273
4064;3030
4065;3243
4066;3344
4067;3160
4068;3308
4069;3273
4070;3030
4071;3273
4072;4122
4073;3249
4074;3273
4075;3271
4076;3216
4077;3272
4078;3273
4079;3212
4080;3244
4081;3274
4082;2913
4083;3274
4084;3274
4085;2980
4086;3267
4087;3274
4088;3428
4089;3274
4090;3274
4091;3307
4092;3306
4093;3272
4094;3152
4095;3274
4096;3275
4097;3061
4098;3333
4099;3273
4100;3122
4101;3274
4102;3272
4103;3366
4104;3273
4105;3304
4106;3339
4107;3274
4108;3275
4109;3282
4110;3274
4111;3311
4112;3271
4113;3274
4114;3121
4115;3214
4116;3274
4117;3120
4118;3273
4119;3276
4120;3078
4121;3214
4122;3276
4123;3123
4124;3274
4125;3273
4126;3121
4127;3212
4128;3274
4129;3121
4130;3091
4131;3275
4132;3120
4133;3309
4134;3337
4135;3119
4136;3244
4137;3274
4138;3182
4139;2845
4140;3190
4141;3273
4142;3242
4143;3274
4144;3273
4145;2969
4146;3274
4147;3306
4148;3553
4149;3271
4150;3121
4151;3304
4152;3305
4153;3306
4154;3215
4155;3273
4156;3347
4157;3207
4158;3274
4159;3307
4160;3163
4161;3273
4162;3122
4163;3304
4164;3327
4165;3028
4166;3401
4167;3304
4168;3030
4169;3360
4170;3245
4171;3032
4172;3289
4173;3273
4174;3029
4175;3918
4176;3273
4177;2938
4178;3190
4179;3279
4180;3127
4181;3275
4182;3274
4183;2938
4184;3284
4185;3273
4186;3055
4187;3283
4188;3274
4189;3029
4190;3173
4191;3273
4192;3031
4193;3212
4194;3273
4195;3093
4196;3182
4197;3303
4198;3092
4199;3191
4200;3273
4201;3314
4202;3147
4203;3272
4204;3090
4205;3309
4206;3392
4207;3091
4208;3368
4209;3273
4210;3092
4211;3276
4212;3274
4213;3031
4214;3304
4215;3277
4216;3031
4217;3304
4218;3275
4219;3092
4220;3305
4221;3276
4222;3091
4223;3147
4224;3243
4225;3091
4226;3243
4227;3276
4228;3253
4229;3244
4230;3274
4231;3094
4232;3184
4233;3273
4234;3091
4235;3273
4236;3275
4237;3091
4238;3370
4239;3278
4240;3277
4241;3278
4242;3308
4243;3275
4244;3302
4245;3275
4246;3353
4247;3309
4248;3277
4249;3306
4250;3308
4251;3307
4252;3215
4253;3276
4254;3278
4255;3032
4256;3222
4257;3277
4258;3245
4259;3218
4260;3245
4261;3306
4262;3308
4263;3308
4264;3153
4265;3276
4266;3276
4267;3092
4268;3277
4269;3307
4270;3063
4271;3276
4272;3276
4273;3093
4274;3277
4275;3307
4276;3366
4277;3275
4278;3277
4279;3337
4280;3276
4281;3310
4282;3123
4283;3278
4284;3306
4285;3153
4286;3307
4287;3308
4288;3245
4289;3438
4290;3306
4291;3408
4292;3306
4293;3276
4294;3308
4295;3276
4296;3310
4297;3338
4298;3304
4299;3236
4300;3327
4301;3305
4302;3162
4303;3245
4304;3308
4305;3255
4306;3274
4307;4776
4308;3214
4309;3275
4310;3273
4311;3246
4312;3271
4313;3121
4314;3275
4315;3275
4316;3122
4317;3279
4318;3276
4319;3121
4320;3277
4321;3275
4322;3381
4323;3267
4324;3278
4325;3125
4326;3244
4327;3274
4328;3121
4329;3162
4330;3277
4331;3121
4332;3217
4333;3275
4334;3121
4335;3092
4336;3346
4337;3279
4338;3248
4339;3277
4340;3122
4341;3213
4342;3275
4343;3121
4344;3089
4345;3275
4346;3120
4347;3091
4348;3273
4349;3274
4350;3212
4351;3274
4352;3276
4353;3244
4354;3271
4355;3121
4356;3031
4357;3273
4358;3274
4359;3182
4360;3273
4361;3274
4362;2873
4363;3275
4364;3274
4365;3030
4366;3188
4367;3274
4368;3064
4369;3244
4370;3276
4371;3213
4372;3272
4373;3274
4374;2938
4375;3273
4376;3304
4377;2968
4378;3221
4379;3373
4380;2876
4381;3323
4382;3309
4383;3340
4384;3274
4385;3305
4386;3184
4387;3337
4388;3275
4389;2909
4390;3274
4391;3276
4392;3093
4393;3305
4394;3275
4395;3151
4396;3306
4397;3307
4398;3305
4399;3273
4400;3279
4401;3092
4402;3517
4403;3273
4404;2908
4405;3243
4406;3273
4407;3214
4408;3275
4409;3273
4410;3030
4411;3189
4412;3275
4413;3092
4414;3307
4415;3275
4416;3061
4417;3272
4418;3273
4419;3092
4420;3274
4421;3213
4422;3181
4423;3306
4424;3275
4425;3091
4426;3162
4427;3306
4428;3151
4429;3275
4430;3274
4431;3097
4432;3274
4433;3274
4434;3245
4435;3273
4436;3273
4437;2877
4438;3277
4439;3307
4440;2808
4441;3271
4442;3275
4443;2860
4444;3274
4445;3277
4446;3337
4447;3249
4448;3274
4449;3182
4450;3274
4451;3278
4452;3133
4453;3272
4454;3307
4455;3119
4456;3275
4457;3274
4458;2908
4459;3220
4460;3305
4461;3306
4462;3280
4463;3275
4464;2862
4465;3275
4466;3274
4467;2999
4468;3274
4469;2825
4470;3142
4471;3023
4472;3336
4473;3234
4474;3201
4475;3305
4476;3004
4477;3281
4478;3274
4479;3055
4480;3136
4481;3275
4482;3029
4483;3213
4484;3274
4485;3030
4486;4040
4487;3367
4488;3000
4489;3274
4490;3274
4491;2999
4492;3277
4493;3274
4494;3035
4495;3185
4496;3273
4497;3030
4498;3278
4499;3305
4500;3090
4501;3283
4502;3274
4503;3365
4504;3275
4505;3274
4506;2989
4507;3173
4508;3276
4509;3089
4510;3281
4511;3275
4512;3032
4513;3222
4514;3310
4515;3060
4516;3304
4517;3306
4518;3090
4519;3306
4520;3280
4521;3054
4522;3304
4523;3274
4524;3091
4525;3306
4526;3274
4527;3120
4528;3285
4529;3274
4530;3029
4531;3274
4532;3275
4533;3090
4534;3305
4535;3276
4536;3256
4537;3284
4538;3274
4539;3029
4540;3280
4541;3274
4542;3031
4543;3242
4544;3274
4545;3090
4546;3244
4547;3274
4548;3091
4549;3306
4550;3276
4551;3089
4552;3182
4553;3274
4554;3090
4555;3182
4556;3274
4557;3092
4558;3244
4559;2983
4560;3121
4561;3305
4562;3305
4563;3276
4564;3250
4565;3274
4566;3091
4567;3272
4568;3304
4569;3090
4570;3305
4571;3274
4572;3312
4573;3161
4574;3306
4575;3091
4576;3521
4577;3309
4578;3031
4579;3184
4580;3244
4581;3090
4582;3245
4583;3274
4584;3089
4585;3269
4586;3275
4587;3275
4588;3150
4589;3277
4590;3094
4591;3244
4592;3308
4593;3086
4594;3210
4595;3274
4596;3122
4597;3337
4598;3273
4599;3093
4600;3279
4601;3274
4602;3092
4603;3308
4604;3276
4605;3430
4606;3189
4607;3359
4608;3176
4609;3283
4610;3276
4611;3169
4612;3283
4613;3274
4614;3030
4615;3283
4616;3309
4617;3089
4618;3178
4619;3274
4620;3031
4621;3244
4622;3515
4623;3091
4624;3284
4625;3490
4626;3048
4627;3173
4628;3343
4629;3060
4630;3310
4631;3276
4632;3029
4633;3305
4634;3274
4635;3031
4636;3285
4637;3277
4638;3090
4639;3284
4640;3274
4641;3262
4642;3264
4643;3274
4644;3029
4645;3282
4646;3274
4647;3032
4648;3310
4649;3168
4650;3292
4651;3142
4652;3326
4653;3268
4654;3291
4655;3341
4656;3053
4657;3277
4658;3403
4659;3094
4660;3278
4661;3305
4662;3002
4663;3125
4664;3276
4665;3030
4666;3293
4667;3330
4668;3064
4669;3190
4670;3305
4671;3226
4672;3181
4673;3331
4674;3030
4675;3282
4676;3277
4677;3030
4678;3305
4679;3274
4680;3030
4681;3276
4682;3427
4683;3030
4684;3304
4685;3276
4686;3031
4687;3337
4688;3274
4689;3092
4690;3275
4691;3278
4692;3030
4693;3181
4694;3275
4695;3030
4696;3243
4697;3278
4698;3090
4699;3244
4700;3276
4701;3091
4702;3305
4703;3275
4704;3091
4705;3275
4706;3276
4707;3092
4708;3274
4709;3274
4710;3090
4711;3245
4712;3273
4713;3089
4714;3305
4715;3275
4716;3091
4717;3304
4718;3277
4719;3092
4720;3374
4721;3308
4722;3278
4723;3215
4724;3273
4725;3078
4726;3176
4727;3278
4728;3307
4729;3306
4730;3305
4731;3307
4732;3140
4733;3304
4734;3093
4735;3275
4736;3276
4737;3031
4738;3305
4739;3353
4740;3401
4741;3280
4742;3278
4743;3154
4744;3277
4745;3310
4746;3216
4747;3275
4748;3339
4749;3338
4750;3276
4751;3276
4752;3090
4753;3276
4754;3307
4755;3126
4756;6086
4757;3153
4758;3278
4759;3277
4760;3247
4761;3277
4762;3275
4763;2989
4764;3294
4765;3306
4766;3046
4767;3149
4768;3275
4769;3030
4770;3338
4771;3469
4772;3031
4773;3291
4774;3308
4775;3031
4776;3148
4777;3274
4778;3062
4779;3182
4780;3307
4781;3093
4782;3247
4783;3280
4784;3094
4785;3215
4786;3275
4787;3291
4788;3246
4789;3307
4790;3245
4791;3304
4792;3275
4793;3199
4794;3290
4795;3274
4796;3092
4797;3268
4798;3276
4799;3266
4800;3263
4801;3275
4802;3086
4803;3283
4804;3276
4805;3030
4806;3289
4807;3306
4808;3258
4809;3267
4810;3276
4811;3033
4812;3192
4813;3273
4814;3137
4815;3305
4816;3275
4817;3061
4818;3304
4819;3305
4820;3032
4821;3276
4822;3275
4823;3205
4824;3129
4825;3305
4826;3247
4827;3161
4828;3307
4829;3259
4830;3191
4831;3308
4832;3231
4833;3224
4834;3275
4835;3198
4836;3268
4837;3274
4838;3266
4839;2486
4840;3275
4841;3309
4842;3244
4843;3275
4844;3033
4845;3274
4846;3275
4847;3124
4848;3248
4849;3275
4850;3092
4851;3307
4852;3275
4853;3094
4854;3336
4855;3309
4856;3092
4857;3245
4858;3274
4859;3092
4860;3246
4861;3275
4862;3093
4863;3275
4864;3275
4865;3092
4866;3308
4867;3311
4868;3276
4869;3194
4870;3276
4871;3092
4872;3275
4873;3277
4874;3278
4875;3222
4876;3276
4877;3406
4878;3245
4879;3305
4880;3124
4881;3244
4882;3274
4883;3309
4884;3155
4885;3275
4886;3248
4887;3132
4888;3374
4889;3032
4890;3306
4891;3277
4892;3092
4893;3306
4894;3275
4895;3031
4896;3313
4897;3275
4898;3322
4899;3282
4900;3276
4901;3031
4902;3222
4903;3402
4904;2879
4905;3245
4906;3306
4907;3028
4908;3247
4909;3308
4910;3030
4911;3281
4912;3275
4913;3277
4914;3222
4915;3275
4916;3244
4917;3275
4918;3305
4919;3341
4920;3278
4921;3270
4922;3227
4923;3309
4924;3274
4925;3001
4926;3286
4927;3277
4928;3057
4929;3200
4930;3275
4931;3092
4932;3286
4933;3273
4934;3264
4935;3268
4936;3276
4937;3117
4938;3280
4939;3275
4940;3063
4941;3262
4942;3275
4943;3034
4944;3305
4945;3275
4946;3091
4947;3275
4948;3307
4949;3031
4950;3183
4951;3275
4952;3092
4953;3677
4954;3274
4955;3053
4956;3252
4957;3274
4958;3092
4959;3262
4960;3276
4961;3091
4962;3338
4963;3277
4964;2879
4965;3306
4966;3307
4967;3233
4968;3285
4969;3272
4970;3259
4971;3179
4972;3274
4973;3266
4974;3297
4975;3275
4976;3097
4977;3252
4978;3306
4979;3030
4980;3141
4981;3275
4982;3030
4983;3307
4984;3275
4985;3031
4986;3307
4987;3278
4988;3091
4989;3151
4990;3275
4991;3307
4992;3215
4993;3274
4994;3090
4995;3185
4996;3276
4997;3092
4998;3212
4999;3275
5000;3092
