count;dtBaro
1;2473
2;2457
3;2468
4;2500
5;2466
6;2479
7;2469
8;2457
9;2471
10;2466
11;2501
12;2463
13;2462
14;2470
15;2493
16;2460
17;2614
18;2515
19;2480
20;3392
21;3356
22;3129
23;3312
24;3280
25;3132
26;3281
27;3284
28;2914
29;3279
30;3315
31;2913
32;3280
33;3281
34;4101
35;3305
36;3128
37;2885
38;3280
39;3306
40;2913
41;3282
42;3278
43;2976
44;3250
45;3282
46;3127
47;3281
48;3281
49;3405
50;3278
51;3280
52;2914
53;3252
54;3280
55;3219
56;3252
57;3280
58;3078
59;3279
60;3282
61;2979
62;3250
63;3343
64;3098
65;3280
66;3384
67;2914
68;3298
69;3279
70;2915
71;3280
72;3313
73;3068
74;3280
75;3280
76;3097
77;3281
78;3283
79;3095
80;3312
81;3279
82;3098
83;3281
84;3282
85;2882
86;3278
87;3282
88;3159
89;3279
90;3280
91;2822
92;3280
93;3280
94;3037
95;3285
96;3280
97;3098
98;3280
99;3318
100;3175
101;3281
102;3280
103;3097
104;3280
105;3283
106;3128
107;3280
108;3280
109;2810
110;3284
111;3356
112;3189
113;3282
114;3281
115;3255
116;3280
117;3128
118;3250
119;3277
120;3128
121;3221
122;3281
123;3129
124;3252
125;3280
126;3314
127;3312
128;3250
129;3295
130;3187
131;3282
132;3128
133;3221
134;3282
135;3127
136;3282
137;3280
138;3129
139;3250
140;3281
141;3282
142;3251
143;3313
144;3129
145;3221
146;3281
147;3128
148;3249
149;3277
150;3127
151;3250
152;3282
153;3282
154;3198
155;3282
156;3101
157;3281
158;3280
159;3099
160;3313
161;3312
162;3007
163;3281
164;3281
165;2656
166;2466
167;2453
168;2767
169;3097
170;3312
171;3247
172;3099
173;3280
174;3280
175;2853
176;3230
177;3280
178;3162
179;3281
180;3282
181;3130
182;3280
183;3281
184;3099
185;3281
186;3281
187;3006
188;3312
189;3281
190;3129
191;3279
192;3280
193;2946
194;3228
195;3279
196;3093
197;3234
198;3282
199;3007
200;3285
201;3270
202;3306
203;3802
204;2942
205;3204
206;3250
207;2885
208;3250
209;3283
210;2944
211;3313
212;3252
213;3066
214;3281
215;3404
216;3098
217;3281
218;4599
219;3319
220;3864
221;3317
222;3285
223;3312
224;3039
225;3283
226;3345
227;3004
228;3204
229;3282
230;2990
231;3304
232;3280
233;3197
234;3286
235;3281
236;3005
237;3279
238;3311
239;3161
240;3140
241;3314
242;3098
243;3221
244;3283
245;3037
246;3343
247;3281
248;3038
249;3280
250;3276
251;3283
252;3283
253;3281
254;2802
255;3251
256;3280
257;3283
258;3284
259;3283
260;3222
261;3281
262;3281
263;3129
264;3281
265;3313
266;3192
267;3281
268;3282
269;3005
270;3283
271;3280
272;3079
273;3281
274;3280
275;3037
276;3250
277;3282
278;3373
279;3281
280;3278
281;3128
282;3280
283;3311
284;2813
285;3281
286;3284
287;3098
288;3280
289;3280
290;2941
291;3321
292;3311
293;3343
294;3281
295;3281
296;3158
297;3280
298;3281
299;3097
300;3279
301;3318
302;3070
303;3281
304;3281
305;2778
306;3346
307;3376
308;3324
309;3279
310;3281
311;3250
312;3284
313;3282
314;3005
315;3200
316;3281
317;3097
318;3281
319;3282
320;3098
321;3282
322;3281
323;2982
324;3281
325;3277
326;2883
327;3199
328;3343
329;3036
330;3202
331;3250
332;3853
333;3280
334;3281
335;3097
336;3426
337;3361
338;3250
339;3280
340;2943
341;3251
342;3281
343;3128
344;3248
345;3283
346;3128
347;3553
348;3280
349;3098
350;3189
351;3282
352;3282
353;3376
354;3281
355;3098
356;3310
357;3285
358;3097
359;3280
360;3249
361;3098
362;3230
363;3315
364;3232
365;3251
366;3280
367;3219
368;3196
369;3279
370;3034
371;3198
372;3280
373;3097
374;3342
375;3280
376;3037
377;3344
378;3274
379;3220
380;3383
381;3356
382;3102
383;3249
384;3280
385;3130
386;3252
387;3281
388;3223
389;3283
390;3282
391;3247
392;3281
393;3283
394;3172
395;3246
396;3281
397;2946
398;3291
399;3292
400;3022
401;3184
402;3373
403;3013
404;3195
405;3280
406;3036
407;3149
408;3275
409;3035
410;3068
411;3282
412;3098
413;3190
414;3282
415;3099
416;3280
417;3281
418;3095
419;3280
420;3280
421;3281
422;3137
423;3311
424;3291
425;3250
426;3328
427;3223
428;3281
429;3039
430;2944
431;3282
432;3280
433;3129
434;3281
435;3280
436;2944
437;3281
438;3282
439;2821
440;3281
441;3280
442;3220
443;3249
444;3281
445;2844
446;3299
447;3280
448;3037
449;3250
450;3740
451;3160
452;3280
453;3280
454;3221
455;3250
456;3283
457;3068
458;3282
459;3281
460;3280
461;3250
462;3280
463;2884
464;3281
465;3281
466;2854
467;3284
468;3282
469;2832
470;3435
471;3353
472;3248
473;3280
474;3129
475;3200
476;3280
477;3084
478;3006
479;3250
480;3280
481;2883
482;3281
483;3282
484;2822
485;5514
486;3221
487;3283
488;3280
489;3037
490;3282
491;3281
492;3191
493;3282
494;3279
495;2959
496;3186
497;3280
498;3032
499;3298
500;3387
501;3103
502;3223
503;3281
504;3084
505;3149
506;3280
507;3035
508;4029
509;3312
510;2943
511;3265
512;3278
513;3007
514;3281
515;3374
516;3108
517;3189
518;3280
519;3038
520;3280
521;3280
522;3128
523;3281
524;3340
525;3282
526;3281
527;3283
528;3160
529;3312
530;3284
531;3036
532;3310
533;3280
534;2976
535;3280
536;3282
537;2855
538;3282
539;3280
540;3128
541;3281
542;3308
543;3219
544;3282
545;3279
546;2836
547;3278
548;3280
549;2913
550;3281
551;3250
552;3158
553;3280
554;3281
555;3096
556;3281
557;3309
558;3160
559;3280
560;3312
561;3293
562;3278
563;3264
564;3312
565;3281
566;3263
567;3252
568;3404
569;3131
570;3160
571;3282
572;3128
573;3249
574;3284
575;3126
576;3285
577;3311
578;3127
579;3188
580;3315
581;3128
582;3188
583;3281
584;3128
585;3251
586;3281
587;3127
588;3219
589;3280
590;3035
591;3403
592;3281
593;3127
594;3218
595;3281
596;3127
597;3282
598;3280
599;3128
600;3220
601;3280
602;3127
603;3220
604;3281
605;3127
606;3308
607;3312
608;3286
609;3285
610;3314
611;3376
612;3315
613;3283
614;3251
615;3284
616;3283
617;3253
618;3284
619;3283
620;3343
621;3282
622;3313
623;3343
624;3315
625;3313
626;3345
627;3283
628;3313
629;3223
630;3313
631;3283
632;3221
633;3345
634;3314
635;3283
636;3285
637;3313
638;3283
639;3313
640;3314
641;3314
642;3282
643;3281
644;3345
645;3313
646;3314
647;3284
648;3282
649;3029
650;3448
651;3367
652;3272
653;3314
654;3282
655;3280
656;3315
657;3315
658;3282
659;3316
660;3312
661;3375
662;3284
663;3312
664;3344
665;3312
666;3317
667;3009
668;3282
669;3313
670;3343
671;3284
672;3313
673;3222
674;3282
675;3313
676;3221
677;3285
678;3315
679;3284
680;3282
681;3282
682;3250
683;3312
684;3312
685;3282
686;3281
687;3282
688;3250
689;3312
690;3313
691;3249
692;3281
693;3098
694;3284
695;3314
696;3151
697;3209
698;3282
699;3096
700;3281
701;3278
702;3097
703;3315
704;3279
705;3100
706;3282
707;4505
708;2909
709;3206
710;3281
711;3036
712;3282
713;3280
714;3036
715;3283
716;3283
717;3006
718;3283
719;3280
720;3068
721;3253
722;3647
723;3318
724;3281
725;3280
726;2995
727;3234
728;3312
729;3007
730;3284
731;3281
732;2954
733;3191
734;3281
735;3069
736;3198
737;3281
738;3252
739;6714
740;3209
741;3369
742;3280
743;2950
744;3194
745;3279
746;3021
747;3276
748;3310
749;3004
750;3297
751;3281
752;3141
753;3129
754;3281
755;3176
756;3276
757;3282
758;3038
759;3199
760;3280
761;3037
762;3159
763;3281
764;3097
765;3188
766;3281
767;3097
768;3250
769;3282
770;3095
771;3310
772;3282
773;3312
774;3159
775;3281
776;3263
777;3249
778;3280
779;3289
780;3155
781;3280
782;3036
783;3169
784;3306
785;3098
786;3235
787;3306
788;3035
789;3343
790;3280
791;3097
792;3250
793;3312
794;3096
795;3249
796;3281
797;3098
798;3310
799;3864
800;3039
801;3254
802;3050
803;3063
804;3221
805;3281
806;3037
807;3306
808;3280
809;4928
810;3283
811;3280
812;3159
813;3283
814;3312
815;3214
816;3282
817;3281
818;3248
819;3283
820;3128
821;2789
822;3265
823;3283
824;3308
825;3250
826;3282
827;2944
828;3277
829;3871
830;3306
831;3314
832;3265
833;3250
834;3282
835;3284
836;3281
837;3283
838;3282
839;3229
840;3344
841;3097
842;3281
843;3282
844;4111
845;3341
846;3280
847;3253
848;3283
849;3280
850;3099
851;3315
852;3313
853;2860
854;3194
855;3312
856;3253
857;3282
858;3281
859;3404
860;3281
861;3280
862;3191
863;3280
864;3281
865;3187
866;3231
867;3342
868;2847
869;3281
870;4654
871;3230
872;3282
873;3416
874;3312
875;3286
876;3153
877;3367
878;3280
879;3098
880;3313
881;3280
882;3096
883;3279
884;3278
885;3477
886;3223
887;3280
888;3143
889;3280
890;3282
891;3037
892;3252
893;3280
894;3037
895;3250
896;3280
897;3036
898;3249
899;3281
900;3268
901;3317
902;3280
903;3378
904;3191
905;3280
906;3252
907;3280
908;3282
909;3221
910;3312
911;3280
912;3097
913;3282
914;3281
915;3260
916;3246
917;3281
918;3068
919;3360
920;3220
921;2978
922;3210
923;3280
924;2942
925;3202
926;3282
927;3009
928;3289
929;3282
930;3036
931;3221
932;3282
933;3624
934;3283
935;3281
936;3068
937;3198
938;3282
939;3040
940;3342
941;3281
942;2950
943;3197
944;3282
945;3098
946;3139
947;3280
948;3036
949;3107
950;3343
951;3037
952;3169
953;3281
954;3097
955;3191
956;3281
957;3097
958;3282
959;3281
960;3097
961;3249
962;3282
963;3097
964;3306
965;3281
966;3325
967;3282
968;3279
969;2891
970;3280
971;4076
972;3097
973;3199
974;3280
975;2889
976;3282
977;3281
978;2899
979;3489
980;3312
981;2889
982;3226
983;3282
984;2943
985;3723
986;3312
987;3012
988;3295
989;4106
990;3006
991;3282
992;3313
993;3190
994;3199
995;3282
996;3161
997;3281
998;3281
999;3037
1000;3416
1001;3281
1002;2946
1003;3282
1004;3495
1005;3015
1006;3280
1007;3280
1008;3128
1009;3359
1010;3311
1011;2960
1012;3410
1013;3314
1014;2882
1015;3312
1016;3282
1017;3047
1018;3281
1019;3279
1020;2914
1021;3282
1022;3280
1023;2914
1024;3286
1025;3281
1026;2884
1027;3280
1028;3311
1029;3190
1030;3313
1031;3280
1032;2995
1033;3281
1034;3282
1035;3189
1036;3588
1037;3281
1038;2944
1039;3251
1040;3281
1041;3097
1042;3278
1043;3280
1044;2804
1045;3127
1046;3279
1047;3036
1048;3280
1049;3281
1050;2885
1051;3195
1052;3280
1053;3294
1054;3249
1055;3311
1056;3336
1057;3274
1058;3272
1059;2909
1060;3184
1061;3272
1062;3236
1063;3189
1064;3271
1065;3028
1066;3276
1067;3304
1068;3029
1069;3305
1070;3271
1071;2938
1072;3188
1073;3334
1074;3075
1075;3174
1076;3271
1077;3027
1078;3303
1079;3337
1080;3028
1081;3241
1082;3275
1083;3030
1084;3271
1085;3212
1086;3120
1087;3302
1088;3271
1089;3088
1090;3148
1091;3272
1092;3088
1093;3271
1094;3272
1095;3089
1096;3273
1097;3304
1098;3091
1099;6489
1100;3289
1101;3345
1102;3272
1103;3089
1104;3209
1105;3303
1106;3090
1107;3273
1108;3273
1109;3120
1110;3211
1111;3334
1112;3090
1113;3306
1114;3273
1115;3089
1116;3274
1117;3272
1118;3089
1119;3272
1120;3271
1121;3090
1122;3331
1123;3303
1124;3090
1125;3272
1126;3242
1127;3089
1128;3272
1129;3247
1130;3304
1131;3180
1132;3273
1133;3091
1134;3273
1135;3274
1136;3090
1137;3301
1138;3306
1139;3090
1140;3303
1141;3271
1142;3089
1143;3272
1144;3273
1145;3090
1146;4772
1147;3150
1148;3119
1149;3274
1150;3181
1151;3058
1152;3272
1153;3275
1154;2876
1155;3189
1156;3272
1157;2936
1158;3273
1159;3272
1160;2806
1161;4836
1162;3121
1163;3150
1164;3273
1165;3120
1166;3244
1167;3273
1168;4161
1169;3276
1170;3273
1171;4039
1172;3306
1173;3273
1174;3028
1175;3273
1176;3242
1177;2787
1178;3278
1179;3273
1180;3029
1181;3276
1182;3274
1183;3029
1184;3274
1185;3272
1186;3306
1187;3306
1188;3272
1189;3134
1190;3261
1191;3349
1192;2924
1193;3236
1194;3274
1195;2958
1196;3200
1197;3272
1198;3073
1199;3274
1200;3272
1201;3248
1202;3306
1203;3272
1204;2995
1205;3194
1206;3274
1207;3030
1208;3272
1209;3272
1210;3028
1211;3396
1212;3274
1213;3028
1214;3215
1215;3272
1216;3029
1217;3244
1218;3273
1219;3029
1220;3304
1221;3232
1222;3091
1223;3181
1224;3272
1225;3089
1226;3272
1227;3337
1228;3274
1229;3252
1230;3366
1231;3090
1232;3151
1233;3273
1234;3089
1235;3240
1236;3385
1237;2967
1238;3192
1239;3275
1240;3124
1241;3248
1242;3308
1243;2945
1244;3184
1245;3273
1246;3115
1247;3279
1248;3273
1249;3115
1250;3215
1251;3273
1252;2999
1253;3257
1254;3273
1255;3030
1256;3331
1257;3304
1258;3269
1259;3135
1260;3302
1261;3029
1262;3242
1263;3273
1264;3029
1265;3244
1266;3273
1267;3090
1268;3303
1269;3273
1270;3307
1271;3189
1272;3273
1273;3028
1274;3303
1275;3275
1276;3088
1277;3305
1278;3273
1279;3380
1280;3297
1281;3373
1282;3000
1283;3222
1284;3272
1285;3247
1286;3274
1287;3335
1288;3062
1289;3273
1290;3273
1291;2869
1292;3198
1293;3274
1294;2937
1295;3192
1296;3275
1297;3074
1298;3238
1299;3272
1300;3060
1301;3272
1302;3272
1303;3030
1304;3289
1305;3273
1306;3030
1307;3273
1308;3275
1309;2980
1310;3151
1311;3273
1312;3091
1313;3210
1314;3272
1315;3306
1316;3303
1317;3274
1318;3087
1319;3303
1320;3309
1321;2952
1322;3179
1323;3272
1324;2986
1325;3199
1326;3323
1327;3193
1328;3274
1329;3121
1330;3275
1331;3275
1332;3121
1333;3183
1334;3304
1335;3547
1336;3221
1337;3275
1338;3258
1339;3364
1340;3273
1341;3091
1342;3274
1343;3275
1344;3091
1345;3304
1346;3273
1347;3090
1348;3303
1349;3275
1350;3812
1351;3321
1352;3275
1353;3085
1354;3196
1355;3273
1356;3283
1357;3277
1358;3275
1359;3031
1360;3268
1361;3273
1362;3029
1363;3179
1364;3274
1365;3031
1366;3209
1367;3273
1368;3093
1369;3077
1370;3309
1371;3137
1372;3244
1373;3306
1374;3091
1375;3212
1376;3274
1377;3092
1378;3342
1379;3273
1380;3091
1381;3273
1382;3276
1383;3092
1384;3336
1385;3322
1386;3068
1387;3124
1388;3274
1389;3030
1390;3183
1391;3274
1392;3090
1393;3307
1394;3305
1395;3091
1396;3338
1397;3274
1398;3030
1399;3305
1400;3275
1401;3301
1402;3225
1403;3275
1404;3054
1405;3243
1406;3274
1407;3089
1408;3337
1409;3277
1410;3030
1411;3304
1412;3306
1413;3031
1414;3306
1415;3270
1416;3318
1417;3276
1418;3116
1419;3284
1420;3338
1421;3118
1422;3254
1423;3274
1424;3245
1425;3152
1426;3274
1427;3121
1428;3273
1429;3276
1430;3094
1431;3306
1432;3274
1433;3121
1434;3243
1435;3278
1436;3121
1437;3242
1438;3308
1439;3121
1440;3243
1441;3273
1442;3121
1443;3244
1444;3273
1445;3123
1446;3244
1447;3274
1448;3121
1449;3212
1450;3275
1451;3122
1452;3273
1453;3272
1454;3122
1455;2968
1456;3272
1457;3274
1458;3152
1459;3351
1460;3181
1461;3366
1462;3273
1463;3091
1464;3275
1465;3307
1466;3091
1467;3243
1468;3273
1469;3314
1470;3151
1471;3301
1472;3091
1473;3243
1474;3273
1475;3092
1476;3275
1477;3274
1478;3089
1479;3275
1480;3274
1481;3091
1482;3243
1483;3273
1484;3276
1485;3221
1486;3272
1487;3090
1488;3243
1489;2954
1490;3122
1491;3213
1492;3275
1493;3121
1494;3198
1495;3275
1496;3120
1497;3244
1498;3273
1499;3304
1500;3182
1501;3273
1502;3122
1503;3243
1504;3305
1505;3121
1506;3342
1507;3272
1508;3122
1509;3182
1510;3276
1511;3121
1512;3306
1513;3273
1514;3118
1515;3212
1516;3274
1517;3122
1518;3243
1519;3276
1520;3274
1521;3151
1522;3307
1523;3274
1524;3212
1525;3275
1526;3123
1527;3150
1528;3272
1529;3122
1530;3526
1531;3307
1532;3308
1533;3197
1534;3238
1535;3091
1536;3307
1537;3276
1538;3093
1539;3276
1540;3274
1541;3090
1542;3305
1543;3279
1544;3091
1545;3371
1546;3275
1547;3092
1548;3215
1549;3351
1550;3089
1551;3340
1552;3343
1553;3091
1554;3306
1555;3276
1556;3092
1557;3307
1558;3273
1559;3094
1560;3304
1561;3330
1562;3306
1563;3355
1564;3273
1565;3339
1566;3121
1567;3275
1568;3217
1569;3279
1570;3277
1571;3214
1572;3276
1573;3276
1574;3001
1575;3275
1576;3274
1577;2989
1578;3264
1579;3276
1580;3031
1581;3292
1582;3276
1583;3205
1584;3139
1585;3274
1586;3200
1587;3292
1588;3276
1589;3030
1590;3206
1591;3274
1592;3034
1593;3244
1594;3332
1595;3032
1596;3373
1597;3305
1598;3031
1599;3245
1600;3305
1601;3309
1602;3145
1603;3272
1604;3031
1605;3305
1606;3275
1607;3091
1608;3306
1609;3275
1610;3093
1611;3275
1612;3275
1613;3091
1614;3304
1615;3276
1616;3092
1617;3304
1618;3276
1619;3034
1620;3182
1621;3335
1622;3093
1623;3182
1624;3276
1625;3093
1626;3245
1627;3274
1628;3090
1629;3246
1630;3275
1631;3092
1632;3274
1633;3307
1634;3092
1635;3277
1636;3305
1637;3092
1638;3276
1639;4175
1640;3245
1641;3344
1642;3275
1643;3005
1644;3217
1645;3277
1646;2949
1647;3245
1648;3277
1649;3051
1650;3177
1651;3304
1652;3091
1653;3292
1654;3275
1655;3092
1656;3322
1657;3307
1658;3030
1659;3285
1660;3274
1661;3338
1662;3276
1663;3278
1664;2989
1665;3266
1666;3275
1667;3031
1668;3284
1669;3276
1670;3030
1671;3289
1672;3274
1673;3031
1674;3275
1675;3274
1676;3199
1677;3180
1678;3276
1679;4134
1680;3277
1681;3276
1682;3063
1683;3275
1684;3307
1685;3061
1686;3343
1687;3273
1688;3061
1689;3275
1690;3277
1691;3000
1692;3193
1693;3275
1694;3332
1695;3277
1696;3275
1697;3276
1698;3274
1699;3276
1700;3124
1701;3307
1702;3339
1703;3153
1704;3276
1705;3278
1706;2861
1707;3275
1708;3276
1709;2991
1710;3231
1711;4317
1712;3275
1713;3276
1714;3274
1715;3213
1716;3277
1717;3331
1718;3183
1719;3274
1720;3124
1721;3152
1722;3275
1723;3123
1724;3274
1725;3276
1726;3232
1727;3304
1728;3277
1729;3321
1730;3139
1731;3394
1732;3284
1733;3245
1734;3275
1735;3148
1736;3277
1737;3276
1738;3124
1739;3100
1740;3278
1741;3122
1742;3244
1743;3276
1744;3124
1745;3246
1746;3277
1747;3125
1748;3246
1749;3275
1750;3124
1751;3246
1752;3277
1753;3123
1754;3277
1755;3277
1756;3124
1757;3278
1758;3276
1759;3121
1760;3248
1761;3274
1762;3123
1763;3184
1764;3275
1765;3122
1766;3214
1767;3277
1768;3122
1769;3279
1770;3276
1771;3277
1772;3010
1773;3276
1774;3122
1775;3245
1776;3377
1777;3122
1778;3278
1779;3224
1780;3122
1781;3246
1782;3276
1783;3305
1784;3248
1785;3277
1786;3122
1787;3216
1788;3276
1789;3027
1790;3241
1791;3276
1792;3123
1793;3134
1794;3277
1795;3274
1796;3154
1797;3276
1798;3275
1799;3399
1800;3313
1801;3141
1802;3278
1803;3276
1804;3123
1805;3186
1806;3276
1807;3124
1808;3246
1809;3275
1810;3123
1811;3246
1812;3277
1813;3123
1814;2972
1815;3277
1816;3275
1817;3155
1818;3277
1819;5854
1820;3276
1821;3374
1822;3212
1823;3274
1824;3276
1825;2971
1826;3193
1827;3273
1828;2879
1829;3302
1830;3276
1831;3185
1832;3284
1833;3277
1834;3044
1835;3276
1836;3275
1837;2853
1838;3222
1839;3277
1840;3095
1841;3277
1842;3310
1843;3124
1844;3350
1845;3277
1846;3034
1847;3277
1848;3278
1849;2912
1850;3274
1851;3277
1852;3186
1853;3309
1854;3276
1855;2892
1856;3181
1857;3276
1858;3919
1859;3276
1860;3276
1861;4070
1862;3277
1863;3278
1864;3223
1865;3273
1866;3323
1867;3203
1868;3278
1869;3256
1870;3308
1871;3277
1872;3124
1873;3247
1874;3306
1875;3122
1876;3369
1877;3277
1878;3278
1879;3195
1880;3276
1881;3091
1882;4574
1883;3308
1884;3002
1885;3277
1886;3308
1887;3092
1888;3278
1889;3275
1890;3096
1891;3308
1892;3275
1893;3094
1894;3305
1895;3276
1896;3094
1897;3681
1898;3248
1899;3064
1900;3194
1901;3277
1902;3062
1903;3277
1904;3275
1905;2972
1906;3248
1907;3277
1908;3032
1909;3386
1910;3307
1911;3146
1912;3199
1913;3277
1914;3095
1915;3276
1916;3277
1917;3213
1918;3227
1919;3329
1920;3000
1921;3248
1922;3279
1923;3003
1924;3278
1925;3276
1926;3034
1927;3276
1928;3275
1929;2991
1930;3277
1931;3276
1932;3055
1933;3144
1934;3274
1935;3033
1936;3185
1937;3278
1938;3092
1939;3309
1940;3276
1941;3095
1942;3308
1943;3276
1944;3094
1945;3338
1946;3277
1947;3031
1948;3134
1949;3275
1950;3092
1951;3246
1952;3276
1953;3132
1954;3245
1955;3277
1956;4353
1957;3276
1958;3276
1959;3002
1960;3279
1961;3276
1962;3094
1963;3277
1964;3277
1965;3094
1966;3272
1967;3278
1968;3098
1969;3276
1970;3277
1971;3496
1972;3277
1973;3276
1974;3276
1975;3522
1976;3373
1977;3013
1978;3460
1979;3275
1980;3217
1981;3276
1982;3276
1983;3017
1984;3241
1985;3275
1986;3157
1987;3308
1988;3307
1989;3216
1990;3275
1991;3306
1992;3216
1993;3278
1994;3278
1995;3246
1996;3276
1997;3123
1998;2971
1999;3653
2000;3259
2001;3309
2002;3276
2003;3124
2004;3339
2005;3338
2006;3125
2007;3251
2008;3278
2009;3123
2010;3199
2011;3276
2012;3123
2013;3198
2014;3277
2015;3306
2016;3239
2017;3277
2018;3122
2019;3216
2020;3278
2021;3124
2022;3227
2023;3275
2024;3125
2025;3246
2026;3277
2027;3259
2028;3217
2029;3277
2030;3126
2031;3277
2032;3310
2033;3123
2034;3216
2035;3278
2036;3124
2037;3216
2038;3276
2039;3125
2040;3278
2041;3278
2042;3119
2043;3277
2044;3276
2045;3123
2046;4779
2047;3310
2048;2965
2049;3198
2050;3338
2051;3277
2052;3276
2053;3278
2054;3184
2055;3276
2056;3278
2057;3217
2058;3310
2059;3276
2060;2954
2061;3182
2062;3278
2063;3097
2064;3275
2065;6264
2066;3289
2067;3277
2068;3004
2069;3277
2070;3275
2071;3065
2072;3277
2073;3277
2074;2990
2075;3269
2076;3277
2077;3154
2078;3343
2079;3276
2080;3068
2081;3279
2082;3278
2083;2943
2084;3224
2085;3276
2086;3054
2087;2463
2088;3198
2089;3201
2090;3308
2091;3376
2092;3093
2093;3244
2094;3278
2095;3339
2096;3221
2097;3277
2098;3092
2099;3246
2100;3278
2101;3307
2102;3218
2103;3278
2104;3095
2105;3246
2106;3277
2107;3094
2108;3276
2109;3276
2110;3094
2111;3248
2112;3273
2113;3093
2114;3278
2115;3277
2116;3090
2117;3310
2118;3277
2119;3092
2120;3279
2121;3339
2122;3096
2123;3247
2124;3279
2125;3095
2126;3307
2127;3312
2128;3094
2129;3248
2130;3277
2131;3092
2132;3277
2133;3277
2134;3093
2135;3310
2136;3836
2137;3032
2138;3286
2139;3277
2140;3301
2141;3292
2142;3277
2143;3282
2144;3278
2145;3277
2146;3033
2147;3308
2148;3311
2149;2915
2150;3192
2151;3276
2152;3032
2153;3276
2154;3278
2155;3034
2156;3242
2157;3521
2158;3032
2159;3196
2160;3247
2161;3094
2162;3307
2163;3277
2164;3034
2165;3308
2166;3369
2167;3033
2168;3277
2169;3277
2170;3249
2171;3307
2172;3276
2173;3034
2174;3277
2175;3277
2176;3033
2177;3246
2178;3277
2179;3324
2180;3191
2181;3802
2182;3005
2183;3277
2184;3276
2185;3277
2186;3277
2187;3277
2188;3217
2189;3276
2190;3277
2191;3246
2192;3276
2193;3280
2194;3002
2195;3279
2196;3344
2197;3048
2198;3245
2199;3276
2200;3033
2201;3277
2202;3279
2203;2951
2204;3247
2205;3277
2206;3065
2207;3279
2208;3276
2209;2916
2210;3271
2211;3309
2212;3315
2213;3309
2214;3279
2215;2989
2216;3327
2217;3278
2218;3055
2219;3174
2220;3279
2221;3032
2222;3279
2223;3277
2224;3033
2225;3246
2226;5447
2227;3218
2228;3277
2229;3279
2230;3215
2231;3278
2232;3124
2233;3216
2234;3277
2235;3125
2236;3187
2237;3279
2238;3124
2239;3262
2240;3279
2241;3124
2242;3277
2243;3277
2244;3277
2245;3244
2246;3276
2247;3124
2248;3246
2249;3277
2250;3315
2251;3218
2252;3309
2253;3125
2254;3309
2255;3277
2256;3123
2257;3216
2258;3279
2259;3124
2260;3219
2261;3279
2262;3125
2263;3187
2264;3278
2265;3124
2266;3246
2267;3278
2268;3146
2269;3292
2270;3305
2271;3427
2272;3247
2273;3276
2274;3119
2275;3279
2276;3277
2277;3134
2278;3247
2279;3274
2280;3126
2281;3307
2282;3279
2283;3124
2284;3135
2285;3277
2286;3124
2287;3247
2288;3277
2289;3127
2290;3249
2291;3302
2292;3127
2293;3248
2294;3277
2295;3125
2296;3247
2297;3278
2298;3284
2299;3247
2300;3278
2301;3123
2302;3308
2303;3279
2304;3260
2305;3373
2306;3312
2307;3282
2308;3281
2309;3310
2310;3280
2311;3315
2312;3281
2313;3342
2314;3312
2315;3312
2316;2881
2317;3321
2318;3281
2319;3312
2320;3282
2321;3282
2322;3312
2323;3281
2324;3279
2325;3218
2326;3312
2327;3280
2328;3311
2329;3281
2330;3280
2331;3160
2332;3222
2333;3342
2334;3127
2335;3343
2336;3311
2337;3183
2338;3277
2339;3276
2340;3033
2341;3277
2342;3276
2343;3126
2344;3294
2345;3125
2346;3249
2347;3307
2348;3305
2349;3247
2350;3279
2351;3124
2352;3307
2353;3278
2354;3260
2355;3311
2356;3278
2357;3094
2358;5109
2359;7924
2360;3309
2361;3346
2362;3279
2363;3279
2364;4115
2365;3307
2366;3311
2367;3006
2368;3193
2369;3277
2370;3035
2371;3278
2372;3278
2373;3280
2374;3278
2375;3278
2376;2948
2377;3193
2378;3279
2379;3315
2380;3191
2381;3279
2382;3248
2383;3196
2384;3277
2385;3004
2386;3278
2387;3277
2388;3042
2389;3249
2390;3310
2391;2991
2392;3268
2393;3308
2394;3070
2395;3298
2396;3279
2397;3063
2398;3277
2399;3310
2400;3063
2401;3307
2402;3277
2403;3188
2404;3286
2405;3310
2406;3224
2407;3187
2408;3308
2409;3080
2410;3153
2411;3277
2412;3033
2413;3247
2414;3277
2415;3367
2416;3139
2417;3279
2418;5142
2419;3278
2420;3277
2421;2972
2422;3304
2423;3279
2424;3185
2425;3274
2426;3281
2427;2833
2428;3245
2429;3278
2430;2911
2431;3277
2432;3279
2433;3309
2434;3309
2435;3277
2436;3200
2437;3282
2438;3277
2439;3233
2440;3280
2441;3247
2442;3187
2443;3278
2444;3281
2445;2906
2446;3279
2447;3275
2448;3249
2449;4571
2450;3034
2451;3284
2452;4316
2453;2951
2454;3196
2455;3310
2456;2945
2457;3194
2458;3279
2459;2995
2460;3270
2461;3278
2462;3034
2463;3272
2464;3277
2465;3237
2466;3391
2467;3278
2468;3019
2469;3152
2470;3277
2471;3033
2472;3309
2473;3278
2474;3034
2475;3187
2476;3277
2477;3095
2478;3339
2479;3278
2480;3034
2481;3166
2482;3277
2483;3092
2484;3278
2485;3279
2486;3096
2487;3278
2488;3250
2489;3094
2490;3281
2491;3279
2492;3095
2493;3279
2494;3309
2495;3216
2496;3284
2497;3278
2498;3095
2499;3181
2500;3278
2501;3095
2502;3278
2503;3280
2504;3095
2505;3282
2506;3309
2507;3095
2508;3278
2509;3922
2510;3020
2511;3302
2512;3371
2513;3051
2514;3210
2515;3278
2516;3034
2517;3133
2518;3279
2519;3003
2520;3309
2521;3278
2522;3033
2523;3165
2524;3289
2525;3094
2526;3342
2527;3280
2528;3096
2529;3278
2530;3278
2531;3095
2532;3278
2533;3279
2534;3095
2535;3278
2536;3278
2537;3096
2538;3280
2539;5578
2540;3259
2541;3312
2542;3340
2543;3279
2544;3278
2545;3125
2546;3249
2547;3278
2548;3125
2549;3033
2550;3280
2551;3125
2552;2862
2553;3247
2554;3278
2555;2881
2556;3279
2557;3278
2558;2976
2559;3315
2560;3303
2561;3064
2562;3248
2563;3277
2564;2937
2565;3248
2566;3279
2567;3002
2568;2817
2569;3309
2570;3344
2571;3308
2572;3341
2573;3066
2574;3279
2575;3278
2576;3092
2577;3280
2578;3277
2579;3093
2580;3230
2581;3278
2582;3004
2583;3248
2584;3310
2585;3250
2586;3378
2587;3341
2588;3187
2589;3278
2590;3252
2591;3126
2592;3279
2593;3278
2594;2816
2595;3231
2596;3280
2597;3281
2598;3277
2599;3277
2600;3096
2601;3278
2602;3312
2603;3004
2604;3278
2605;3309
2606;3126
2607;3310
2608;3278
2609;2875
2610;3203
2611;3279
2612;4683
2613;3279
2614;3262
2615;3280
2616;3279
2617;3280
2618;3199
2619;3277
2620;3262
2621;3249
2622;3276
2623;3127
2624;3215
2625;3277
2626;3081
2627;3547
2628;3279
2629;4401
2630;3232
2631;3344
2632;2985
2633;3283
2634;3308
2635;3035
2636;3280
2637;3277
2638;2954
2639;3275
2640;3248
2641;3078
2642;3123
2643;3277
2644;3033
2645;3278
2646;3277
2647;3033
2648;3340
2649;3277
2650;3035
2651;3157
2652;3279
2653;3037
2654;3278
2655;3278
2656;3096
2657;3277
2658;3279
2659;3095
2660;3801
2661;3276
2662;3034
2663;3278
2664;3278
2665;3365
2666;3193
2667;3278
2668;3075
2669;3126
2670;3278
2671;3034
2672;3277
2673;3280
2674;3034
2675;3552
2676;3327
2677;3035
2678;3276
2679;3310
2680;3031
2681;3145
2682;3279
2683;3261
2684;3133
2685;3280
2686;3094
2687;3186
2688;3278
2689;3095
2690;3247
2691;3277
2692;3095
2693;3188
2694;3278
2695;3053
2696;3309
2697;3277
2698;3034
2699;3155
2700;3802
2701;3093
2702;3140
2703;3280
2704;3034
2705;3167
2706;3278
2707;3095
2708;3278
2709;3277
2710;3096
2711;3187
2712;3276
2713;3095
2714;3281
2715;3307
2716;3094
2717;3277
2718;3278
2719;6736
2720;3343
2721;3323
2722;3210
2723;3311
2724;3034
2725;3298
2726;3278
2727;3034
2728;3145
2729;3278
2730;3034
2731;3196
2732;3281
2733;3094
2734;3340
2735;3339
2736;3263
2737;3185
2738;3280
2739;3036
2740;3217
2741;3278
2742;3095
2743;3180
2744;3279
2745;3726
2746;3278
2747;3279
2748;3020
2749;3273
2750;3281
2751;3067
2752;3286
2753;3276
2754;3031
2755;3166
2756;3278
2757;3293
2758;3136
2759;3277
2760;3394
2761;3293
2762;3278
2763;3033
2764;3285
2765;3280
2766;3204
2767;3148
2768;3277
2769;3064
2770;3277
2771;3278
2772;3291
2773;3284
2774;3277
2775;3034
2776;3991
2777;3277
2778;3096
2779;3278
2780;3279
2781;3095
2782;3280
2783;3277
2784;2964
2785;3204
2786;3277
2787;3004
2788;3279
2789;3278
2790;3159
2791;3279
2792;3278
2793;3006
2794;3285
2795;3277
2796;3339
2797;3275
2798;3277
2799;3005
2800;3278
2801;3278
2802;3065
2803;3280
2804;3279
2805;2996
2806;3331
2807;3277
2808;3020
2809;5326
2810;3279
2811;3253
2812;3278
2813;3124
2814;3226
2815;3307
2816;3125
2817;3135
2818;3277
2819;3126
2820;3248
2821;3308
2822;3112
2823;2781
2824;3279
2825;3278
2826;2972
2827;3196
2828;3309
2829;3155
2830;3277
2831;3279
2832;3033
2833;3277
2834;3279
2835;3094
2836;3278
2837;3279
2838;3097
2839;3277
2840;3278
2841;3094
2842;3278
2843;3277
2844;3216
2845;3226
2846;3276
2847;3094
2848;3277
2849;3277
2850;3095
2851;3276
2852;3278
2853;3096
2854;3307
2855;3279
2856;3040
2857;3248
2858;3279
2859;2941
2860;3278
2861;3277
2862;2972
2863;3278
2864;3277
2865;3004
2866;3278
2867;3280
2868;4903
2869;3311
2870;3311
2871;3312
2872;3281
2873;3280
2874;3342
2875;3313
2876;3280
2877;3313
2878;3311
2879;3345
2880;3283
2881;3312
2882;3342
2883;3316
2884;3303
2885;3004
2886;3250
2887;3280
2888;3004
2889;3279
2890;3406
2891;3217
2892;3277
2893;3278
2894;2974
2895;3251
2896;3279
2897;2939
2898;3199
2899;3866
2900;3035
2901;3509
2902;3278
2903;3126
2904;3278
2905;3280
2906;3191
2907;3308
2908;3279
2909;2942
2910;3369
2911;3279
2912;3034
2913;3279
2914;3280
2915;3035
2916;3522
2917;3279
2918;2809
2919;3276
2920;3338
2921;3095
2922;3279
2923;3311
2924;3097
2925;3310
2926;3281
2927;3326
2928;3245
2929;3278
2930;3008
2931;3312
2932;3283
2933;3222
2934;3312
2935;3312
2936;3190
2937;3315
2938;3311
2939;3283
2940;3281
2941;3280
2942;3251
2943;3312
2944;3314
2945;3452
2946;3347
2947;3309
2948;3376
2949;3313
2950;3310
2951;3344
2952;3311
2953;3266
2954;3210
2955;3310
2956;3287
2957;3195
2958;3278
2959;3257
2960;3311
2961;3313
2962;3282
2963;3252
2964;3280
2965;3159
2966;3226
2967;3312
2968;3312
2969;3281
2970;3311
2971;3252
2972;3311
2973;3310
2974;3310
2975;3314
2976;3313
2977;3220
2978;3282
2979;3283
2980;3341
2981;3282
2982;3311
2983;3343
2984;3282
2985;3280
2986;3251
2987;3280
2988;3282
2989;3439
2990;3312
2991;3346
2992;3342
2993;3284
2994;3281
2995;3280
2996;3283
2997;3310
2998;3341
2999;3314
3000;3241
3001;3271
3002;3281
3003;3312
3004;3314
3005;3311
3006;3344
3007;3314
3008;3281
3009;3159
3010;3283
3011;3313
3012;3225
3013;3436
3014;3280
3015;3158
3016;3287
3017;3280
3018;2849
3019;3286
3020;3311
3021;3216
3022;3341
3023;3279
3024;3033
3025;3278
3026;3279
3027;3280
3028;3278
3029;3249
3030;2845
3031;3278
3032;3312
3033;3034
3034;3279
3035;3280
3036;3223
3037;3277
3038;3280
3039;3217
3040;3247
3041;3309
3042;3155
3043;3307
3044;3278
3045;3153
3046;3280
3047;3277
3048;3041
3049;3280
3050;3311
3051;3035
3052;3278
3053;3280
3054;3186
3055;3277
3056;3281
3057;3004
3058;3278
3059;3340
3060;3126
3061;3280
3062;3278
3063;3158
3064;3277
3065;3279
3066;3094
3067;3279
3068;3280
3069;3033
3070;3277
3071;3277
3072;3188
3073;3928
3074;3125
3075;3248
3076;3281
3077;3126
3078;3309
3079;3207
3080;3280
3081;3353
3082;2987
3083;3246
3084;3277
3085;3096
3086;3279
3087;3279
3088;3160
3089;3277
3090;3279
3091;3126
3092;3280
3093;3278
3094;3216
3095;3280
3096;3278
3097;3034
3098;3197
3099;3279
3100;3097
3101;3278
3102;3278
3103;3130
3104;3282
3105;3308
3106;2912
3107;3250
3108;3247
3109;2861
3110;3280
3111;3311
3112;2988
3113;3237
3114;3279
3115;3186
3116;3279
3117;3278
3118;3245
3119;3279
3120;3280
3121;2999
3122;3286
3123;3277
3124;3122
3125;3278
3126;3394
3127;3216
3128;3280
3129;3279
3130;3218
3131;3310
3132;3124
3133;3282
3134;3277
3135;3279
3136;3249
3137;3278
3138;3311
3139;3011
3140;3278
3141;3311
3142;3231
3143;3280
3144;3313
3145;3217
3146;3278
3147;3311
3148;3188
3149;3279
3150;3295
3151;3249
3152;3281
3153;3280
3154;3228
3155;3280
3156;3095
3157;3248
3158;3281
3159;3125
3160;3248
3161;3309
3162;3184
3163;3169
3164;3281
3165;3263
3166;3310
3167;3340
3168;3126
3169;3324
3170;3312
3171;3332
3172;3313
3173;3313
3174;3346
3175;3283
3176;3309
3177;3284
3178;3313
3179;3312
3180;3314
3181;3345
3182;3315
3183;3251
3184;3312
3185;3312
3186;3190
3187;3312
3188;3313
3189;3306
3190;3312
3191;3344
3192;4898
3193;3280
3194;3078
3195;3244
3196;3310
3197;3285
3198;3278
3199;3277
3200;3249
3201;3279
3202;3282
3203;3126
3204;3277
3205;3308
3206;3155
3207;3492
3208;3313
3209;3125
3210;3311
3211;3278
3212;3034
3213;3279
3214;3279
3215;2863
3216;3368
3217;3309
3218;2974
3219;3281
3220;3306
3221;3048
3222;3181
3223;3279
3224;3159
3225;3228
3226;3281
3227;3068
3228;3279
3229;3279
3230;3034
3231;3340
3232;3277
3233;2802
3234;3246
3235;3342
3236;3006
3237;3310
3238;3281
3239;3005
3240;3279
3241;3310
3242;3225
3243;3280
3244;3280
3245;3002
3246;3283
3247;3342
3248;3004
3249;3278
3250;3309
3251;3094
3252;3278
3253;3341
3254;3247
3255;3293
3256;3279
3257;3033
3258;3278
3259;3357
3260;2851
3261;3337
3262;3309
3263;3004
3264;3278
3265;3278
3266;2801
3267;3184
3268;3280
3269;3034
3270;3278
3271;3281
3272;3003
3273;3198
3274;3278
3275;3156
3276;3279
3277;3279
3278;3069
3279;3346
3280;3278
3281;3067
3282;3279
3283;3312
3284;3066
3285;3280
3286;3309
3287;3127
3288;3280
3289;3280
3290;3066
3291;3282
3292;3309
3293;3066
3294;3279
3295;3278
3296;3005
3297;3288
3298;3279
3299;3065
3300;3289
3301;3278
3302;3166
3303;3127
3304;3278
3305;3065
3306;3290
3307;3311
3308;3283
3309;3320
3310;3345
3311;3282
3312;3285
3313;3314
3314;3281
3315;3281
3316;3284
3317;3373
3318;3283
3319;3311
3320;3342
3321;3312
3322;3312
3323;3343
3324;3285
3325;3311
3326;3311
3327;3280
3328;3281
3329;3251
3330;3312
3331;3281
3332;3283
3333;3312
3334;3281
3335;3281
3336;3338
3337;3283
3338;3252
3339;3279
3340;3311
3341;3188
3342;3312
3343;3315
3344;3280
3345;3283
3346;3241
3347;3181
3348;3282
3349;3329
3350;3313
3351;3364
3352;3365
3353;3314
3354;3283
3355;3282
3356;3280
3357;3280
3358;3311
3359;3312
3360;3312
3361;3006
3362;3281
3363;3312
3364;3220
3365;3312
3366;3315
3367;3188
3368;3280
3369;3283
3370;3342
3371;3313
3372;3311
3373;3098
3374;3282
3375;3280
3376;3220
3377;3314
3378;3312
3379;3250
3380;3280
3381;3281
3382;3308
3383;3280
3384;3281
3385;3280
3386;3281
3387;3281
3388;3251
3389;3315
3390;3280
3391;3312
3392;3282
3393;3281
3394;3312
3395;3281
3396;3362
3397;3332
3398;3281
3399;3283
3400;3284
3401;3308
3402;3312
3403;3312
3404;3312
3405;3343
3406;3281
3407;3312
3408;3222
3409;3282
3410;3282
3411;3159
3412;3281
3413;3284
3414;3346
3415;3280
3416;3278
3417;3189
3418;3314
3419;3281
3420;3342
3421;3282
3422;3281
3423;3158
3424;3284
3425;3312
3426;3220
3427;3281
3428;3280
3429;3066
3430;3281
3431;3310
3432;3282
3433;3280
3434;3310
3435;3343
3436;3281
3437;3311
3438;3035
3439;3373
3440;3310
3441;3421
3442;3311
3443;3252
3444;3190
3445;3282
3446;3288
3447;3284
3448;3282
3449;3312
3450;3282
3451;3283
3452;3345
3453;3282
3454;3280
3455;3151
3456;3284
3457;3312
3458;3270
3459;3271
3460;3282
3461;3097
3462;3321
3463;3311
3464;3217
3465;3233
3466;3279
3467;3097
3468;3282
3469;3277
3470;3004
3471;3279
3472;3280
3473;3096
3474;3279
3475;3280
3476;3005
3477;3279
3478;3308
3479;3004
3480;3280
3481;3289
3482;3342
3483;3279
3484;3279
3485;3304
3486;3373
3487;3282
3488;2944
3489;3198
3490;3277
3491;3006
3492;3311
3493;3280
3494;3371
3495;3278
3496;3279
3497;3190
3498;3279
3499;3279
3500;3066
3501;3278
3502;3123
3503;3004
3504;3281
3505;3278
3506;3096
3507;3280
3508;3279
3509;3096
3510;3279
3511;3278
3512;2947
3513;3248
3514;3278
3515;3005
3516;3280
3517;3280
3518;2999
3519;3292
3520;3279
3521;3025
3522;3146
3523;3278
3524;3035
3525;3247
3526;3279
3527;2946
3528;3250
3529;3397
3530;3230
3531;3331
3532;3278
3533;3037
3534;3275
3535;3278
3536;3035
3537;3277
3538;3280
3539;3035
3540;3248
3541;3279
3542;3035
3543;3342
3544;3278
3545;3097
3546;3247
3547;3297
3548;3035
3549;3154
3550;3278
3551;3310
3552;3251
3553;3278
3554;3035
3555;3309
3556;3278
3557;3096
3558;3310
3559;3311
3560;3034
3561;3311
3562;3278
3563;3096
3564;3309
3565;3309
3566;3308
3567;3187
3568;3278
3569;3248
3570;3296
3571;3279
3572;3096
3573;3266
3574;3280
3575;3034
3576;3313
3577;3311
3578;3282
3579;3315
3580;3312
3581;3346
3582;3435
3583;3312
3584;3282
3585;3282
3586;3312
3587;3190
3588;3312
3589;3281
3590;3127
3591;3312
3592;3313
3593;3191
3594;3312
3595;3311
3596;3220
3597;3314
3598;3311
3599;3250
3600;3312
3601;3311
3602;3343
3603;3313
3604;3281
3605;3282
3606;3313
3607;3236
3608;3311
3609;3281
3610;3194
3611;3194
3612;3313
3613;3346
3614;3343
3615;3283
3616;3313
3617;3343
3618;3093
3619;3364
3620;3372
3621;3362
3622;3285
3623;3315
3624;3313
3625;3184
3626;3192
3627;3311
3628;3314
3629;3315
3630;3312
3631;3281
3632;3311
3633;3344
3634;3376
3635;3311
3636;3313
3637;3343
3638;3311
3639;3282
3640;3131
3641;3316
3642;3312
3643;3191
3644;3312
3645;3312
3646;3284
3647;4568
3648;3376
3649;3314
3650;3284
3651;3239
3652;3314
3653;3282
3654;3221
3655;3284
3656;3313
3657;3281
3658;3281
3659;3312
3660;3344
3661;3312
3662;3405
3663;3159
3664;3283
3665;3282
3666;3700
3667;3314
3668;3282
3669;3312
3670;3311
3671;3189
3672;3281
3673;3311
3674;3280
3675;3344
3676;3314
3677;3311
3678;3190
3679;3283
3680;3312
3681;3345
3682;3311
3683;3268
3684;3275
3685;3311
3686;3251
3687;3290
3688;3316
3689;3283
3690;3283
3691;3281
3692;3315
3693;3315
3694;3280
3695;3312
3696;3312
3697;3282
3698;3250
3699;3312
3700;3283
3701;3353
3702;3311
3703;3281
3704;3343
3705;3312
3706;3312
3707;3036
3708;3357
3709;3311
3710;3253
3711;3344
3712;3312
3713;3313
3714;3280
3715;3284
3716;3305
3717;3310
3718;3314
3719;3281
3720;3281
3721;3281
3722;3342
3723;3312
3724;3312
3725;3281
3726;3312
3727;3347
3728;3314
3729;3311
3730;3345
3731;3314
3732;3312
3733;3344
3734;3312
3735;3281
3736;3068
3737;3312
3738;3312
3739;3251
3740;3282
3741;3312
3742;3190
3743;3311
3744;3312
3745;3189
3746;3281
3747;3312
3748;3342
3749;3313
3750;3314
3751;3220
3752;3282
3753;3311
3754;5001
3755;3075
3756;3374
3757;3282
3758;3343
3759;3342
3760;3312
3761;3313
3762;3315
3763;3312
3764;3313
3765;3343
3766;3312
3767;3312
3768;3159
3769;3374
3770;3280
3771;3312
3772;3313
3773;3314
3774;3280
3775;3281
3776;3281
3777;3710
3778;3312
3779;3283
3780;3251
3781;3314
3782;3283
3783;3312
3784;3280
3785;3302
3786;3209
3787;3314
3788;3375
3789;3314
3790;3315
3791;3345
3792;3281
3793;3314
3794;3343
3795;3282
3796;3345
3797;3312
3798;2804
3799;3315
3800;3412
3801;3331
3802;3317
3803;3344
3804;3347
3805;3313
3806;3250
3807;3282
3808;3281
3809;3283
3810;3312
3811;3313
3812;3343
3813;3313
3814;3312
3815;3281
3816;3281
3817;3282
3818;3408
3819;3311
3820;3312
3821;3221
3822;3283
3823;3314
3824;3312
3825;3312
3826;3257
3827;3318
3828;3284
3829;3284
3830;3284
3831;3312
3832;3343
3833;3314
3834;3339
3835;3343
3836;3284
3837;3281
3838;3342
3839;3281
3840;3312
3841;3281
3842;3281
3843;3314
3844;3343
3845;3381
3846;3311
3847;3098
3848;3346
3849;3312
3850;3223
3851;3697
3852;3312
3853;3373
3854;3313
3855;3281
3856;3311
3857;3280
3858;3281
3859;3314
3860;3314
3861;3274
3862;3222
3863;3338
3864;3344
3865;3313
3866;3309
3867;3344
3868;3311
3869;3284
3870;3284
3871;3312
3872;3313
3873;3281
3874;3525
3875;3312
3876;3220
3877;3281
3878;3311
3879;3343
3880;3314
3881;3315
3882;3282
3883;3311
3884;3282
3885;3311
3886;3312
3887;3313
3888;3443
3889;3312
3890;3304
3891;3372
3892;3312
3893;3347
3894;3862
3895;3313
3896;3281
3897;3281
3898;3311
3899;3069
3900;3281
3901;3313
3902;3337
3903;3282
3904;3312
3905;3280
3906;3312
3907;3312
3908;3220
3909;3312
3910;3311
3911;3250
3912;3311
3913;3311
3914;3220
3915;3282
3916;3312
3917;3129
3918;3310
3919;3312
3920;2977
3921;3280
3922;3314
3923;3282
3924;3311
3925;3281
3926;3343
3927;3312
3928;3312
3929;3283
3930;3281
3931;3312
3932;3253
3933;3281
3934;3281
3935;3259
3936;3311
3937;3312
3938;3312
3939;3252
3940;3348
3941;3315
3942;3312
3943;3343
3944;3317
3945;3314
3946;3222
3947;3313
3948;3312
3949;3173
3950;3274
3951;3282
3952;3342
3953;3650
3954;3313
3955;3250
3956;3321
3957;3281
3958;3251
3959;3312
3960;3312
3961;3220
3962;3312
3963;3313
3964;3220
3965;3311
3966;3281
3967;3345
3968;3313
3969;3281
3970;3282
3971;3315
3972;3280
3973;3281
3974;3282
3975;3311
3976;3191
3977;3282
3978;3338
3979;3252
3980;3045
3981;3264
3982;3187
3983;3310
3984;3098
3985;3249
3986;3311
3987;3097
3988;3154
3989;3278
3990;3096
3991;3247
3992;3280
3993;3096
3994;3279
3995;3311
3996;3095
3997;3249
3998;3280
3999;3098
4000;3247
4001;3279
4002;3097
4003;3310
4004;3279
4005;3096
4006;3096
4007;3280
4008;3126
4009;3217
4010;3280
4011;3126
4012;3250
4013;3312
4014;3035
4015;3310
4016;3280
4017;3035
4018;3308
4019;3280
4020;3098
4021;3341
4022;3278
4023;3096
4024;3248
4025;6217
4026;3278
4027;3280
4028;3107
4029;3249
4030;3277
4031;3600
4032;3272
4033;3280
4034;3235
4035;3274
4036;3279
4037;3035
4038;3285
4039;3279
4040;3141
4041;3208
4042;3278
4043;2956
4044;3311
4045;3280
4046;3038
4047;3309
4048;3279
4049;3316
4050;3193
4051;3278
4052;3034
4053;3187
4054;3309
4055;3219
4056;3250
4057;3279
4058;3064
4059;3309
4060;3280
4061;3096
4062;3248
4063;3280
4064;3098
4065;3219
4066;3284
4067;3096
4068;3447
4069;3096
4070;3288
4071;3281
4072;3035
4073;3281
4074;3279
4075;3097
4076;3308
4077;3279
4078;3096
4079;3312
4080;3281
4081;3097
4082;3249
4083;3278
4084;3097
4085;3308
4086;3280
4087;3252
4088;3186
4089;3279
4090;3219
4091;3309
4092;3278
4093;3036
4094;3187
4095;3280
4096;3035
4097;3157
4098;3309
4099;3098
4100;3308
4101;3279
4102;3096
4103;3309
4104;3279
4105;3095
4106;3185
4107;3279
4108;3311
4109;3311
4110;3279
4111;3067
4112;3340
4113;3278
4114;3098
4115;3380
4116;3278
4117;3031
4118;3295
4119;3280
4120;3036
4121;3309
4122;3280
4123;3036
4124;3186
4125;3278
4126;2888
4127;3247
4128;3280
4129;3096
4130;3248
4131;3280
4132;3096
4133;3279
4134;3279
4135;3433
4136;3250
4137;3279
4138;3034
4139;3310
4140;3279
4141;3096
4142;3311
4143;3308
4144;3035
4145;3309
4146;3279
4147;3036
4148;3149
4149;3281
4150;3342
4151;3249
4152;3279
4153;3037
4154;3309
4155;3279
4156;3097
4157;3309
4158;3405
4159;3065
4160;3378
4161;3278
4162;3355
4163;3280
4164;3282
4165;3195
4166;3281
4167;3262
4168;3311
4169;3279
4170;3125
4171;3248
4172;3278
4173;3128
4174;3218
4175;3277
4176;3127
4177;3281
4178;3281
4179;3123
4180;3220
4181;3280
4182;3128
4183;3187
4184;3281
4185;3125
4186;3226
4187;3280
4188;3127
4189;3308
4190;3280
4191;3128
4192;3217
4193;3280
4194;3127
4195;3251
4196;3282
4197;3125
4198;3309
4199;3281
4200;3125
4201;3219
4202;3280
4203;3127
4204;3250
4205;3378
4206;3125
4207;3280
4208;3279
4209;3126
4210;3250
4211;3312
4212;3126
4213;3157
4214;3279
4215;3127
4216;3219
4217;3281
4218;3127
4219;3248
4220;3279
4221;3126
4222;3066
4223;3280
4224;3126
4225;3219
4226;3281
4227;3277
4228;3188
4229;3282
4230;3126
4231;3168
4232;3279
4233;3280
4234;3251
4235;3281
4236;3187
4237;3188
4238;3311
4239;3126
4240;3248
4241;3279
4242;3125
4243;3250
4244;3279
4245;3278
4246;3168
4247;3280
4248;3370
4249;3249
4250;3408
4251;3095
4252;3312
4253;3320
4254;3097
4255;3248
4256;3280
4257;3096
4258;3312
4259;3279
4260;3096
4261;3249
4262;3279
4263;3281
4264;3195
4265;3283
4266;3098
4267;3251
4268;3279
4269;3096
4270;3281
4271;3279
4272;3096
4273;3279
4274;3279
4275;3281
4276;3226
4277;3280
4278;3096
4279;3217
4280;3281
4281;3096
4282;3311
4283;3281
4284;3099
4285;3281
4286;3278
4287;3097
4288;3276
4289;3279
4290;3126
4291;3250
4292;3279
4293;3095
4294;3249
4295;5545
4296;3244
4297;3279
4298;3281
4299;3036
4300;3280
4301;3280
4302;3186
4303;3308
4304;3280
4305;3092
4306;3310
4307;3279
4308;3136
4309;3280
4310;3281
4311;2973
4312;3279
4313;3278
4314;3218
4315;3281
4316;3280
4317;3171
4318;3278
4319;3281
4320;3252
4321;3281
4322;3188
4323;3285
4324;3281
4325;3131
4326;3186
4327;3281
4328;3127
4329;2853
4330;3197
4331;3277
4332;3188
4333;3280
4334;3278
4335;3261
4336;3305
4337;3279
4338;3290
4339;3279
4340;3176
4341;3217
4342;3280
4343;3126
4344;3284
4345;3279
4346;3276
4347;3249
4348;3279
4349;3369
4350;3195
4351;3282
4352;3130
4353;3217
4354;3281
4355;3130
4356;3220
4357;3279
4358;3279
4359;3159
4360;3281
4361;3313
4362;3219
4363;3280
4364;3125
4365;3249
4366;3282
4367;3127
4368;3251
4369;3280
4370;3130
4371;3251
4372;3280
4373;3128
4374;3249
4375;3281
4376;3124
4377;3249
4378;3282
4379;3128
4380;3312
4381;3280
4382;3126
4383;3249
4384;3280
4385;5117
4386;3342
4387;3280
4388;3095
4389;3309
4390;3281
4391;3097
4392;3281
4393;3279
4394;3185
4395;3281
4396;3278
4397;3035
4398;3280
4399;3279
4400;3188
4401;3281
4402;3278
4403;3096
4404;3280
4405;3279
4406;3127
4407;3279
4408;3279
4409;3099
4410;3280
4411;3280
4412;3127
4413;3281
4414;3279
4415;3097
4416;3279
4417;3280
4418;3127
4419;3281
4420;3278
4421;2881
4422;3280
4423;3280
4424;3188
4425;3249
4426;3279
4427;3099
4428;3368
4429;3279
4430;3656
4431;3311
4432;3183
4433;3137
4434;3281
4435;3279
4436;3250
4437;3280
4438;3123
4439;3280
4440;3309
4441;3309
4442;3282
4443;3280
4444;3280
4445;3165
4446;3280
4447;3128
4448;3252
4449;3280
4450;3126
4451;3189
4452;3280
4453;3127
4454;3218
4455;3309
4456;3125
4457;3249
4458;3280
4459;3126
4460;3190
4461;3280
4462;3125
4463;2851
4464;3249
4465;3278
4466;3262
4467;3280
4468;3280
4469;2944
4470;3279
4471;3278
4472;3096
4473;3279
4474;3278
4475;4084
4476;3282
4477;3311
4478;3283
4479;3313
4480;3313
4481;3189
4482;3312
4483;3284
4484;3317
4485;3282
4486;3156
4487;3143
4488;3281
4489;3286
4490;3163
4491;3282
4492;3280
4493;3143
4494;3312
4495;3271
4496;3272
4497;3282
4498;3283
4499;3320
4500;3282
4501;3343
4502;3316
4503;3283
4504;3284
4505;3282
4506;3281
4507;3008
4508;3281
4509;3280
4510;3281
4511;3281
4512;3311
4513;3343
4514;3312
4515;3282
4516;3342
4517;3314
4518;3395
4519;3344
4520;3348
4521;3311
4522;3253
4523;3315
4524;3314
4525;3282
4526;3280
4527;3127
4528;3189
4529;3309
4530;3126
4531;3249
4532;3278
4533;3128
4534;3280
4535;3279
4536;3124
4537;3187
4538;3281
4539;3128
4540;3249
4541;3280
4542;3126
4543;3221
4544;3279
4545;2987
4546;3217
4547;3280
4548;3081
4549;2852
4550;3228
4551;3279
4552;3189
4553;3279
4554;3278
4555;2913
4556;3251
4557;3279
4558;3068
4559;3281
4560;3280
4561;3005
4562;3279
4563;3277
4564;3128
4565;5485
4566;2993
4567;3271
4568;3278
4569;3035
4570;3288
4571;3279
4572;3338
4573;3281
4574;3279
4575;2996
4576;3299
4577;3280
4578;3060
4579;3288
4580;3280
4581;3033
4582;3146
4583;3279
4584;3036
4585;3215
4586;3279
4587;3097
4588;3156
4589;3279
4590;3097
4591;3248
4592;3310
4593;3315
4594;3161
4595;3280
4596;3281
4597;3126
4598;3279
4599;3096
4600;3185
4601;3279
4602;3099
4603;3248
4604;3278
4605;3183
4606;3214
4607;3281
4608;3245
4609;3175
4610;4322
4611;3097
4612;3281
4613;3279
4614;2952
4615;3190
4616;3278
4617;3067
4618;3280
4619;3279
4620;2995
4621;3268
4622;3311
4623;3063
4624;3295
4625;3280
4626;3096
4627;3298
4628;3279
4629;3034
4630;3291
4631;3279
4632;3035
4633;3310
4634;3278
4635;3035
4636;3187
4637;3278
4638;3096
4639;3249
4640;3280
4641;3098
4642;3310
4643;3277
4644;3095
4645;3247
4646;3280
4647;3096
4648;3340
4649;3279
4650;3036
4651;3311
4652;3280
4653;3097
4654;3309
4655;5423
4656;2927
4657;3245
4658;3279
4659;3295
4660;3279
4661;3279
4662;3157
4663;3280
4664;3280
4665;3098
4666;3280
4667;3279
4668;3280
4669;3279
4670;3127
4671;3249
4672;3279
4673;3128
4674;3248
4675;3279
4676;3187
4677;3188
4678;3280
4679;3127
4680;3250
4681;3279
4682;3187
4683;2863
4684;3280
4685;3278
4686;3188
4687;3281
4688;3278
4689;2975
4690;3279
4691;3341
4692;3189
4693;3253
4694;3341
4695;3220
4696;3279
4697;3124
4698;3263
4699;3279
4700;3455
4701;3309
4702;3280
4703;3126
4704;3221
4705;3280
4706;3127
4707;3248
4708;3279
4709;3125
4710;3218
4711;3282
4712;3126
4713;3189
4714;3279
4715;3127
4716;3219
4717;3278
4718;3126
4719;3157
4720;3279
4721;3128
4722;3249
4723;3280
4724;3126
4725;3068
4726;3279
4727;3279
4728;3189
4729;3279
4730;3279
4731;3190
4732;3281
4733;3127
4734;3281
4735;3280
4736;3126
4737;3249
4738;3278
4739;3126
4740;3287
4741;3282
4742;5425
4743;3279
4744;3281
4745;2945
4746;3281
4747;3279
4748;3034
4749;3279
4750;3279
4751;3126
4752;3278
4753;3279
4754;3094
4755;3279
4756;3281
4757;2972
4758;3281
4759;3279
4760;3006
4761;3250
4762;3279
4763;3095
4764;3281
4765;3280
4766;3098
4767;3280
4768;3280
4769;3096
4770;3280
4771;3281
4772;3006
4773;3283
4774;3277
4775;2944
4776;3281
4777;3279
4778;3067
4779;3281
4780;3280
4781;3157
4782;3279
4783;3280
4784;3038
4785;3281
4786;3278
4787;2996
4788;3390
4789;3280
4790;3316
4791;3280
4792;3280
4793;3035
4794;3282
4795;3281
4796;3004
4797;3280
4798;3280
4799;3036
4800;3198
4801;3279
4802;3058
4803;3288
4804;3280
4805;3035
4806;3179
4807;3279
4808;3035
4809;3248
4810;3279
4811;3097
4812;3308
4813;3280
4814;3036
4815;3135
4816;3280
4817;3096
4818;3249
4819;3311
4820;3096
4821;3218
4822;3277
4823;3280
4824;3187
4825;3280
4826;3096
4827;3250
4828;3280
4829;3097
4830;3247
4831;3279
4832;3097
4833;3247
4834;3282
4835;5360
4836;3250
4837;3280
4838;2926
4839;3185
4840;3279
4841;3160
4842;3280
4843;3278
4844;2852
4845;3281
4846;3278
4847;3127
4848;3281
4849;3278
4850;2831
4851;3279
4852;3281
4853;3126
4854;3279
4855;3281
4856;3034
4857;3291
4858;3280
4859;3004
4860;3227
4861;3280
4862;3005
4863;3279
4864;3280
4865;3003
4866;3281
4867;3280
4868;3004
4869;3279
4870;3281
4871;3005
4872;3280
4873;3282
4874;3249
4875;4294
4876;3278
4877;3155
4878;3367
4879;3313
4880;3409
4881;3279
4882;3277
4883;3188
4884;3281
4885;3125
4886;3096
4887;3281
4888;3280
4889;3250
4890;3278
4891;3125
4892;3243
4893;3273
4894;3121
4895;2908
4896;3271
4897;3272
4898;3212
4899;3273
4900;3272
4901;3090
4902;3273
4903;3273
4904;3181
4905;3270
4906;3272
4907;3059
4908;3242
4909;3272
4910;3214
4911;3274
4912;3273
4913;3242
4914;3274
4915;3274
4916;3057
4917;3243
4918;3272
4919;3212
4920;3273
4921;3302
4922;3059
4923;3273
4924;3275
4925;3927
4926;3307
4927;3308
4928;3275
4929;3275
4930;3275
4931;3305
4932;3304
4933;3277
4934;3155
4935;3276
4936;3275
4937;3270
4938;3305
4939;3216
4940;3226
4941;3308
4942;3220
4943;3242
4944;3306
4945;3174
4946;3295
4947;3271
4948;3344
4949;3831
4950;3301
4951;2967
4952;3279
4953;3272
4954;3121
4955;3304
4956;3305
4957;2796
4958;3238
4959;3272
4960;3092
4961;3304
4962;3271
4963;2939
4964;3187
4965;3272
4966;2940
4967;3278
4968;3411
4969;3060
4970;4411
4971;3274
4972;2933
4973;3917
4974;3334
4975;3182
4976;3273
4977;3256
4978;2764
4979;3176
4980;3273
4981;2998
4982;3524
4983;3272
4984;3183
4985;3274
4986;3272
4987;3243
4988;3273
4989;3272
4990;3012
4991;3177
4992;3273
4993;2890
4994;3269
4995;3274
4996;3151
4997;3271
4998;3275
4999;2890
5000;3237
