count;dtTot
1;2532
2;1949
3;1875
4;1540
5;1483
6;1437
7;1462
8;1467
9;1445
10;1432
11;1492
12;1439
13;1448
14;1460
15;1472
16;1455
17;1456
18;1465
19;1441
20;1464
21;1469
22;1435
23;1484
24;1630
25;1621
26;1513
27;1668
28;1649
29;1654
30;1497
31;1507
32;1638
33;1618
34;1504
35;1613
36;1621
37;1628
38;1646
39;1488
40;1615
41;1709
42;1637
43;1559
44;1601
45;1638
46;1630
47;1554
48;1471
49;1586
50;1535
51;1527
52;1578
53;1466
54;1555
55;1547
56;1575
57;1528
58;1535
59;1523
60;1584
61;1528
62;1540
63;1538
64;1530
65;1583
66;1580
67;1469
68;1534
69;1535
70;1689
71;1717
72;1725
73;1691
74;1697
75;1704
76;1704
77;1685
78;1653
79;1543
80;1694
81;1518
82;1522
83;1622
84;1539
85;1528
86;1575
87;1722
88;1576
89;1586
90;1669
91;1740
92;1662
93;1605
94;1600
95;1581
96;1575
97;1638
98;1694
99;1693
100;1742
101;1590
102;1579
103;1698
104;1695
105;1526
106;1693
107;1659
108;1578
109;1554
110;1542
111;1535
112;1560
113;1556
114;1598
115;1600
116;1538
117;1494
118;1550
119;1537
120;1549
121;1686
122;1567
123;1592
124;1556
125;1556
126;1536
127;1559
128;1614
129;1540
130;1600
131;1645
132;1623
133;1613
134;1520
135;1687
136;1594
137;1558
138;1551
139;1538
140;1613
141;1547
142;1540
143;1583
144;1731
145;1578
146;1733
147;1718
148;1714
149;1675
150;1577
151;1733
152;1684
153;1696
154;1530
155;1535
156;1555
157;1609
158;1563
159;1592
160;1679
161;1549
162;1631
163;1743
164;1583
165;1588
166;1641
167;1695
168;1645
169;1576
170;1636
171;1686
172;1691
173;1570
174;1608
175;1696
176;1702
177;1572
178;1571
179;1549
180;1669
181;1590
182;1683
183;1637
184;1713
185;1711
186;1690
187;1599
188;1600
189;1623
190;1547
191;1544
192;1589
193;1691
194;1722
195;1612
196;1578
197;1595
198;1545
199;1562
200;1557
201;1659
202;1705
203;1631
204;1621
205;1719
206;1623
207;1670
208;1652
209;1609
210;1731
211;1555
212;1531
213;1545
214;1568
215;1579
216;1533
217;1669
218;1611
219;1669
220;1630
221;1635
222;1633
223;1664
224;1632
225;1681
226;1704
227;1701
228;1675
229;1701
230;1538
231;1563
232;1547
233;1545
234;1588
235;1609
236;1564
237;1538
238;1557
239;1551
240;1682
241;1658
242;1676
243;1696
244;1637
245;1649
246;1658
247;1718
248;1748
249;1646
250;1693
251;1638
252;1697
253;1644
254;1635
255;1644
256;1644
257;1691
258;1654
259;1649
260;1673
261;1653
262;1682
263;1663
264;1661
265;1665
266;1701
267;1706
268;1681
269;1651
270;1669
271;1651
272;1709
273;1698
274;1651
275;1648
276;1659
277;1650
278;1718
279;1693
280;1716
281;1669
282;1678
283;1676
284;1765
285;1689
286;1652
287;1647
288;1663
289;1657
290;1702
291;1694
292;1647
293;1659
294;1692
295;1694
296;1681
297;1679
298;1666
299;1657
300;1653
301;1726
302;1662
303;1656
304;1670
305;1643
306;1640
307;1640
308;1797
309;1671
310;1696
311;1669
312;1533
313;1298
314;1277
315;1259
316;1247
317;1239
318;1308
319;1265
320;1262
321;1476
322;1362
323;1305
324;1389
325;1382
326;1366
327;1353
328;1386
329;1417
330;1377
331;1351
332;1376
333;1633
334;1361
335;1379
336;1352
337;1366
338;1384
339;1445
340;1375
341;1375
342;1374
343;1349
344;1377
345;1407
346;1359
347;1409
348;1353
349;1433
350;1373
351;1371
352;1234
353;1295
354;1258
355;1262
356;1240
357;1312
358;1251
359;1261
360;1245
361;1293
362;1244
363;1313
364;1282
365;1258
366;1275
367;1301
368;1406
369;1258
370;1244
371;1219
372;1246
373;1255
374;1330
375;1256
376;1243
377;1314
378;1258
379;1291
380;1260
381;1262
382;1269
383;1331
384;1424
385;1361
386;1385
387;1384
388;1381
389;1396
390;1340
391;1432
392;1363
393;1362
394;1358
395;1358
396;1387
397;1356
398;1389
399;1391
400;1413
401;1378
402;1330
403;1422
404;1371
405;1370
406;1359
407;1380
408;1359
409;1352
410;1367
411;1379
412;1371
413;1354
414;1334
415;1327
416;1476
417;1311
418;1262
419;1257
420;1262
421;1383
422;1225
423;1286
424;1282
425;1280
426;1250
427;1288
428;1254
429;1257
430;1296
431;1312
432;1403
433;1320
434;1281
435;1267
436;1263
437;1299
438;1254
439;1261
440;1249
441;1244
442;1265
443;1258
444;1281
445;1280
446;1288
447;1266
448;1334
449;1254
450;1238
451;1311
452;1322
453;1253
454;1265
455;1261
456;1280
457;1258
458;1261
459;1263
460;1258
461;1240
462;1280
463;1273
464;1267
465;1237
466;1310
467;1258
468;1263
469;1250
470;1298
471;1263
472;1298
473;1289
474;1279
475;1266
476;1262
477;1242
478;1248
479;1257
480;1246
481;1309
482;1294
483;1288
484;1289
485;1270
486;1252
487;1261
488;1308
489;1380
490;1381
491;1402
492;1358
493;1353
494;1353
495;1433
496;1385
497;1365
498;1356
499;1340
500;1346
501;1262
502;1346
503;1346
504;1349
505;1379
506;1350
507;1367
508;1374
509;1309
510;1280
511;1240
512;1324
513;1252
514;1266
515;1237
516;1253
517;1252
518;1261
519;1307
520;1252
521;1258
522;1252
523;1305
524;1263
525;1262
526;1294
527;1295
528;1259
529;1255
530;1242
531;1275
532;1263
533;1256
534;1363
535;1332
536;1265
537;1311
538;1289
539;1286
540;1416
541;1405
542;1280
543;1294
544;1465
545;1289
546;1414
547;1432
548;1516
549;1560
550;1297
551;3456
552;1370
553;1255
554;1396
555;1399
556;1296
557;1282
558;1294
559;1285
560;1305
561;1288
562;1279
563;1288
564;1290
565;1288
566;1267
567;1275
568;1400
569;1260
570;1354
571;1300
572;1305
573;1265
574;1268
575;1268
576;1394
577;1276
578;1268
579;1271
580;1321
581;1397
582;1353
583;1401
584;1385
585;1387
586;1393
587;1352
588;1455
589;1284
590;1262
591;1283
592;1288
593;1273
594;1289
595;1287
596;1291
597;1287
598;1400
599;1293
600;1300
601;1383
602;1532
603;1523
604;1489
605;1518
606;1422
607;1388
608;1379
609;1387
610;1391
611;1385
612;1512
613;1387
614;1381
615;1425
616;1427
617;1392
618;1385
619;1377
620;1375
621;1424
622;1518
623;1415
624;1288
625;1416
626;1266
627;1398
628;1267
629;1293
630;1266
631;1290
632;1224
633;1389
634;1390
635;1301
636;1263
637;1268
638;1268
639;1264
640;1247
641;1268
642;1296
643;1380
644;1357
645;1512
646;1386
647;1422
648;1355
649;1379
650;1508
651;1562
652;1537
653;1376
654;1515
655;1409
656;1287
657;1403
658;1293
659;1360
660;1404
661;1391
662;1392
663;1271
664;1294
665;1263
666;1268
667;1275
668;1248
669;1263
670;1270
671;1320
672;1263
673;1268
674;1347
675;1389
676;1423
677;1445
678;1519
679;1398
680;1285
681;1287
682;1369
683;1401
684;1224
685;1253
686;1270
687;1309
688;1401
689;1207
690;1264
691;1265
692;1272
693;1274
694;1408
695;1267
696;1273
697;1234
698;1271
699;1260
700;1253
701;1268
702;1260
703;1248
704;1264
705;1275
706;1315
707;1260
708;1272
709;1274
710;1273
711;1400
712;1272
713;1274
714;1280
715;1274
716;1268
717;1267
718;1277
719;1264
720;1293
721;1271
722;1310
723;1272
724;1303
725;1269
726;1273
727;1407
728;1273
729;1268
730;1291
731;1277
732;1366
733;1408
734;1292
735;1232
736;1281
737;1278
738;1288
739;1409
740;1275
741;1306
742;1271
743;1272
744;1270
745;1269
746;1272
747;1270
748;1272
749;1271
750;1267
751;1269
752;1249
753;1311
754;1267
755;1305
756;1248
757;1438
758;1260
759;1260
760;1266
761;1262
762;1271
763;1273
764;1293
765;1319
766;1225
767;1340
768;1291
769;1268
770;1274
771;1275
772;1269
773;1300
774;1278
775;1277
776;1269
777;1286
778;1267
779;1274
780;1269
781;1401
782;1241
783;1280
784;1282
785;1295
786;1285
787;1292
788;1269
789;1276
790;1268
791;1275
792;1273
793;1276
794;1282
795;1279
796;1264
797;1266
798;1294
799;1285
800;1273
801;1319
802;1282
803;1411
804;1275
805;1267
806;1269
807;1232
808;1249
809;1304
810;1262
811;1270
812;1262
813;1256
814;1306
815;1260
816;1293
817;1269
818;1257
819;1323
820;1273
821;1402
822;1272
823;1274
824;1270
825;1317
826;1408
827;1415
828;1273
829;1410
830;1279
831;1307
832;1228
833;1278
834;1272
835;1271
836;1272
837;1294
838;1260
839;1283
840;1270
841;1269
842;1271
843;1276
844;1266
845;1272
846;1270
847;1269
848;1271
849;1295
850;1279
851;1273
852;1267
853;1272
854;1399
855;1255
856;1342
857;1378
858;1390
859;1418
860;1530
861;1526
862;1553
863;1394
864;1515
865;1513
866;1379
867;1544
868;1387
869;1511
870;1281
871;1455
872;1395
873;1397
874;1394
875;1401
876;1265
877;1265
878;1264
879;1255
880;1265
881;1394
882;1207
883;1281
884;1399
885;1392
886;1266
887;1264
888;1423
889;1238
890;1268
891;1421
892;1398
893;1398
894;1405
895;1392
896;1253
897;1244
898;1399
899;1260
900;1396
901;1397
902;1395
903;1391
904;1395
905;1390
906;1258
907;1261
908;1262
909;1462
910;1446
911;1293
912;1278
913;1271
914;1261
915;1393
916;1248
917;1398
918;1370
919;1258
920;1380
921;1383
922;1396
923;1076
924;1397
925;1392
926;1238
927;1268
928;1259
929;1391
930;1305
931;983
932;1332
933;1526
934;1396
935;1523
936;1524
937;1389
938;1517
939;1556
940;1387
941;1523
942;1381
943;1523
944;1489
945;1381
946;1523
947;1515
948;1521
949;1526
950;1388
951;1520
952;1519
953;1524
954;1383
955;1533
956;1387
957;1521
958;1523
959;1378
960;1369
961;1381
962;1519
963;1512
964;1523
965;1385
966;1541
967;1488
968;1495
969;1385
970;1510
971;1396
972;1443
973;1407
974;1512
975;1082
976;1272
977;1260
978;1256
979;1257
980;1261
981;1394
982;1257
983;1399
984;1392
985;1260
986;1234
987;1268
988;1386
989;1251
990;1444
991;1263
992;1262
993;1388
994;1263
995;1394
996;1318
997;1394
998;1394
999;1394
1000;1257
1001;1352
1002;1363
1003;1421
1004;1439
1005;1409
1006;1383
1007;1381
1008;1426
1009;1393
1010;1361
1011;1364
1012;1381
1013;1351
1014;1377
1015;1383
1016;1375
1017;1374
1018;1351
1019;1451
1020;1420
1021;1414
1022;1351
1023;1402
1024;1370
1025;1415
1026;1356
1027;1350
1028;1367
1029;1401
1030;1385
1031;1382
1032;1372
1033;1375
1034;1378
1035;1379
1036;1372
1037;1367
1038;1374
1039;1429
1040;1386
1041;1370
1042;1425
1043;1381
1044;1375
1045;1360
1046;1422
1047;1244
1048;1279
1049;1266
1050;1272
1051;1368
1052;1387
1053;1373
1054;1372
1055;1395
1056;1452
1057;1445
1058;1513
1059;1573
1060;1552
1061;1507
1062;1511
1063;1513
1064;1387
1065;1557
1066;1554
1067;1524
1068;1284
1069;1414
1070;1401
1071;1401
1072;1280
1073;1246
1074;1259
1075;1392
1076;1392
1077;1368
1078;1382
1079;1380
1080;1369
1081;1390
1082;1374
1083;1367
1084;1406
1085;1396
1086;1401
1087;1292
1088;1254
1089;1335
1090;1406
1091;1571
1092;1384
1093;1447
1094;1387
1095;1391
1096;1450
1097;1382
1098;1403
1099;1428
1100;1444
1101;1401
1102;1516
1103;1533
1104;1389
1105;1299
1106;1336
1107;1397
1108;1279
1109;1372
1110;1399
1111;1355
1112;1406
1113;1404
1114;1479
1115;1337
1116;1461
1117;1408
1118;1365
1119;1458
1120;1376
1121;1409
1122;1406
1123;1367
1124;1405
1125;1380
1126;1539
1127;1382
1128;1414
1129;1452
1130;1508
1131;1512
1132;1486
1133;1369
1134;1570
1135;1420
1136;1388
1137;1433
1138;1365
1139;1474
1140;1382
1141;1382
1142;1398
1143;1329
1144;1340
1145;1351
1146;1333
1147;1376
1148;1377
1149;1341
1150;1477
1151;1440
1152;1458
1153;1392
1154;1426
1155;1372
1156;1441
1157;1386
1158;1419
1159;1386
1160;1435
1161;1495
1162;1403
1163;1385
1164;1424
1165;1560
1166;1512
1167;1379
1168;1406
1169;1247
1170;1388
1171;1297
1172;1355
1173;1393
1174;1259
1175;1396
1176;1262
1177;1366
1178;1394
1179;1392
1180;1384
1181;1384
1182;1390
1183;1257
1184;1439
1185;1364
1186;1357
1187;1226
1188;1257
1189;1265
1190;1390
1191;1397
1192;1386
1193;1255
1194;1411
1195;1269
1196;1392
1197;1261
1198;1296
1199;1390
1200;1424
1201;1266
1202;1277
1203;1269
1204;1266
1205;1265
1206;1262
1207;1264
1208;1401
1209;1264
1210;1257
1211;1275
1212;1266
1213;1322
1214;1527
1215;1389
1216;1392
1217;1388
1218;1389
1219;1383
1220;1382
1221;1384
1222;1365
1223;1417
1224;1396
1225;1402
1226;1279
1227;1277
1228;1269
1229;1235
1230;1270
1231;1268
1232;1268
1233;1262
1234;1269
1235;1275
1236;1275
1237;1393
1238;1391
1239;1394
1240;1391
1241;1264
1242;1239
1243;1388
1244;1398
1245;1256
1246;1418
1247;1259
1248;1384
1249;1404
1250;1400
1251;1413
1252;1404
1253;1427
1254;1295
1255;1423
1256;1313
1257;1343
1258;1359
1259;1421
1260;1330
1261;1361
1262;1319
1263;1413
1264;1554
1265;1430
1266;1393
1267;1430
1268;1415
1269;1419
1270;1409
1271;1387
1272;1407
1273;1356
1274;1406
1275;1391
1276;1406
1277;1394
1278;1416
1279;1457
1280;1387
1281;1386
1282;1404
1283;1396
1284;1464
1285;1463
1286;1374
1287;1376
1288;1369
1289;1348
1290;1434
1291;1339
1292;1370
1293;1369
1294;1384
1295;1397
1296;1402
1297;1371
1298;1375
1299;1250
1300;1387
1301;1383
1302;1376
1303;1375
1304;1395
1305;1389
1306;1240
1307;1397
1308;1255
1309;1398
1310;1277
1311;1268
1312;1269
1313;1410
1314;1394
1315;1262
1316;1261
1317;1394
1318;1208
1319;1303
1320;1397
1321;1270
1322;1239
1323;1392
1324;1399
1325;1437
1326;1277
1327;1308
1328;1380
1329;1420
1330;1295
1331;1397
1332;1266
1333;1273
1334;1401
1335;1397
1336;1399
1337;1435
1338;1272
1339;1277
1340;1269
1341;1399
1342;1270
1343;1407
1344;1269
1345;1274
1346;1399
1347;1276
1348;1271
1349;1411
1350;1268
1351;1399
1352;1396
1353;1247
1354;1394
1355;1383
1356;1368
1357;1245
1358;1207
1359;1259
1360;1414
1361;1263
1362;1394
1363;1394
1364;1269
1365;1407
1366;1393
1367;1396
1368;1400
1369;1395
1370;1399
1371;1393
1372;1227
1373;1366
1374;1390
1375;1397
1376;1397
1377;1398
1378;1396
1379;1395
1380;1401
1381;1258
1382;1397
1383;1409
1384;1407
1385;1367
1386;1518
1387;1528
1388;1401
1389;1453
1390;1370
1391;1402
1392;1506
1393;1445
1394;1376
1395;1442
1396;1409
1397;1349
1398;1419
1399;1461
1400;1334
1401;1385
1402;1346
1403;1398
1404;1344
1405;1327
1406;1382
1407;1392
1408;1345
1409;1378
1410;1365
1411;1412
1412;1350
1413;1383
1414;1281
1415;1337
1416;1293
1417;1297
1418;1287
1419;1280
1420;1416
1421;1361
1422;1330
1423;1346
1424;1344
1425;1378
1426;1394
1427;1429
1428;1299
1429;1293
1430;1297
1431;1415
1432;1292
1433;1305
1434;1356
1435;1311
1436;1392
1437;1393
1438;1452
1439;1352
1440;1352
1441;1351
1442;1339
1443;1406
1444;1375
1445;1324
1446;1390
1447;1387
1448;1408
1449;1420
1450;1305
1451;1298
1452;1349
1453;1350
1454;1431
1455;1508
1456;1597
1457;1398
1458;1391
1459;1398
1460;1402
1461;1393
1462;1354
1463;1328
1464;1367
1465;1371
1466;1423
1467;1364
1468;1410
1469;1300
1470;1381
1471;1380
1472;1413
1473;1301
1474;1418
1475;1422
1476;1356
1477;1516
1478;1370
1479;1406
1480;1436
1481;1340
1482;1417
1483;1404
1484;1406
1485;1409
1486;1359
1487;1325
1488;1352
1489;1387
1490;1329
1491;1330
1492;1465
1493;1306
1494;1330
1495;1350
1496;1416
1497;1411
1498;1288
1499;1405
1500;1417
1501;1411
1502;1292
1503;1291
1504;1363
1505;1344
1506;1363
1507;1379
1508;1326
1509;1418
1510;1354
1511;1364
1512;1383
1513;1379
1514;1446
1515;1422
1516;1407
1517;1285
1518;1282
1519;1415
1520;1405
1521;1372
1522;1375
1523;1391
1524;1355
1525;1374
1526;1436
1527;1376
1528;1366
1529;1412
1530;1434
1531;1388
1532;1438
1533;1350
1534;1419
1535;1415
1536;1435
1537;1428
1538;1435
1539;1438
1540;1418
1541;1418
1542;1410
1543;1386
1544;1446
1545;1402
1546;1552
1547;1403
1548;1448
1549;1414
1550;1332
1551;1336
1552;1510
1553;1352
1554;1381
1555;1361
1556;1339
1557;1336
1558;1420
1559;1411
1560;1458
1561;1384
1562;1392
1563;1334
1564;1302
1565;1299
1566;1395
1567;1398
1568;1338
1569;1405
1570;1371
1571;1400
1572;1364
1573;1324
1574;1385
1575;1282
1576;1286
1577;1279
1578;1388
1579;1379
1580;1430
1581;1438
1582;1525
1583;1434
1584;1338
1585;1372
1586;1326
1587;1343
1588;1373
1589;1495
1590;1465
1591;1403
1592;1477
1593;1375
1594;1467
1595;1352
1596;1350
1597;1464
1598;1399
1599;1444
1600;1270
1601;1454
1602;1349
1603;1381
1604;1270
1605;1459
1606;1356
1607;1408
1608;1457
1609;1400
1610;1313
1611;1370
1612;1463
1613;1344
1614;1367
1615;1269
1616;1416
1617;1345
1618;1414
1619;1360
1620;1322
1621;1354
1622;1366
1623;1334
1624;1338
1625;1369
1626;1372
1627;1335
1628;1321
1629;1388
1630;1328
1631;1350
1632;1378
1633;1334
1634;1334
1635;1368
1636;1352
1637;1331
1638;1276
1639;1391
1640;1326
1641;1425
1642;1342
1643;1330
1644;1343
1645;1461
1646;1389
1647;1396
1648;1443
1649;1379
1650;1460
1651;1393
1652;1380
1653;1420
1654;1413
1655;1373
1656;1352
1657;1337
1658;1402
1659;1343
1660;1327
1661;1343
1662;1351
1663;1327
1664;1466
1665;1376
1666;1386
1667;1392
1668;1440
1669;1473
1670;1381
1671;1391
1672;1340
1673;1382
1674;1458
1675;1389
1676;1377
1677;1451
1678;1422
1679;1387
1680;1384
1681;1431
1682;1468
1683;1495
1684;1333
1685;1369
1686;1325
1687;1332
1688;1371
1689;1346
1690;1412
1691;1337
1692;1365
1693;1326
1694;1347
1695;1266
1696;1346
1697;1273
1698;1365
1699;1338
1700;1408
1701;1344
1702;1306
1703;1362
1704;1269
1705;1390
1706;1341
1707;1336
1708;1373
1709;1338
1710;1381
1711;1363
1712;1372
1713;1354
1714;1361
1715;1336
1716;1333
1717;1378
1718;1350
1719;1332
1720;1391
1721;1338
1722;1325
1723;1272
1724;1382
1725;1350
1726;1364
1727;1359
1728;1342
1729;1347
1730;1276
1731;1346
1732;1363
1733;1349
1734;1335
1735;1308
1736;1448
1737;1396
1738;1368
1739;1405
1740;1409
1741;1411
1742;1467
1743;1407
1744;1416
1745;1379
1746;1426
1747;1483
1748;1391
1749;1345
1750;1334
1751;1281
1752;1328
1753;1327
1754;1367
1755;1340
1756;1357
1757;1375
1758;1377
1759;1331
1760;1329
1761;1265
1762;1387
1763;1360
1764;1371
1765;1332
1766;1338
1767;1359
1768;962
1769;1617
1770;1499
1771;1538
1772;1500
1773;1510
1774;1633
1775;1628
1776;1598
1777;1517
1778;1513
1779;1635
1780;1625
1781;1631
1782;1509
1783;1629
1784;1625
1785;1523
1786;1631
1787;1607
1788;1599
1789;1651
1790;1627
1791;1623
1792;1623
1793;1581
1794;1519
1795;2086
1796;1652
1797;1615
1798;1568
1799;1595
1800;1624
1801;1630
1802;1640
1803;1521
1804;1521
1805;1511
1806;1630
1807;1629
1808;1616
1809;1504
1810;1543
1811;1634
1812;1595
1813;1524
1814;1653
1815;1630
1816;1529
1817;1628
1818;1526
1819;1478
1820;1499
1821;1603
1822;1569
1823;1511
1824;1558
1825;1619
1826;1639
1827;1632
1828;1623
1829;1546
1830;1634
1831;1675
1832;1640
1833;1632
1834;1608
1835;1636
1836;1541
1837;1524
1838;1500
1839;1520
1840;1628
1841;1634
1842;1606
1843;1526
1844;1513
1845;1607
1846;1664
1847;1606
1848;1676
1849;1598
1850;1742
1851;1559
1852;1674
1853;1673
1854;1586
1855;1625
1856;1519
1857;1628
1858;1563
1859;1478
1860;1582
1861;1553
1862;1546
1863;1590
1864;1581
1865;1530
1866;1580
1867;1541
1868;1552
1869;1572
1870;1519
1871;1521
1872;1519
1873;1524
1874;1548
1875;1527
1876;1566
1877;1540
1878;1525
1879;1552
1880;1557
1881;1540
1882;1545
1883;1548
1884;1581
1885;1516
1886;1540
1887;1522
1888;1592
1889;1569
1890;1533
1891;1520
1892;1566
1893;1517
1894;1545
1895;1538
1896;1558
1897;1565
1898;1591
1899;1568
1900;1623
1901;1607
1902;1653
1903;1655
1904;1563
1905;1631
1906;1579
1907;1597
1908;1571
1909;1603
1910;1618
1911;1573
1912;1528
1913;1533
1914;1557
1915;1545
1916;1530
1917;1525
1918;1585
1919;1513
1920;1521
1921;1535
1922;1595
1923;1536
1924;1515
1925;1547
1926;1567
1927;1534
1928;1520
1929;1624
1930;1550
1931;1610
1932;1522
1933;1589
1934;1567
1935;1552
1936;1543
1937;1530
1938;1538
1939;1577
1940;1571
1941;1551
1942;1584
1943;1589
1944;1586
1945;1580
1946;1581
1947;1590
1948;1535
1949;1550
1950;1583
1951;1584
1952;1549
1953;1602
1954;1522
1955;1528
1956;1645
1957;1584
1958;1582
1959;1582
1960;1566
1961;1563
1962;1523
1963;1545
1964;1567
1965;1586
1966;1518
1967;1550
1968;1599
1969;1552
1970;1514
1971;1526
1972;1587
1973;1615
1974;1512
1975;1516
1976;1528
1977;1560
1978;1543
1979;1544
1980;1565
1981;1572
1982;1522
1983;1555
1984;1655
1985;1561
1986;1598
1987;1567
1988;1604
1989;1567
1990;1596
1991;1591
1992;1601
1993;1604
1994;1523
1995;1565
1996;1570
1997;1592
1998;1605
1999;1553
2000;1658
2001;1618
2002;1518
2003;1535
2004;1550
2005;1556
2006;1555
2007;1563
2008;1515
2009;1573
2010;1521
2011;1522
2012;1535
2013;1588
2014;1562
2015;1570
2016;1544
2017;1542
2018;2442
2019;1735
2020;1696
2021;1663
2022;1643
2023;1636
2024;1667
2025;1674
2026;1795
2027;1787
2028;1658
2029;1685
2030;1674
2031;1657
2032;1635
2033;1709
2034;1678
2035;1683
2036;1775
2037;1794
2038;1540
2039;1596
2040;1572
2041;1573
2042;1496
2043;1498
2044;1564
2045;1603
2046;1519
2047;1679
2048;1598
2049;1467
2050;1563
2051;1555
2052;1521
2053;1525
2054;1465
2055;1488
2056;1418
2057;1481
2058;1476
2059;1469
2060;1437
2061;1431
2062;1493
2063;1432
2064;1461
2065;1486
2066;1474
2067;1473
2068;1434
2069;1441
2070;1410
2071;1427
2072;1461
2073;1627
2074;1447
2075;1475
2076;1637
2077;1580
2078;1543
2079;1546
2080;1639
2081;1653
2082;1617
2083;1570
2084;1555
2085;1652
2086;1612
2087;1553
2088;1567
2089;1630
2090;1628
2091;1571
2092;1647
2093;1537
2094;1471
2095;1423
2096;1472
2097;1481
2098;1479
2099;1423
2100;1461
2101;1484
2102;1456
2103;1409
2104;1452
2105;1469
2106;1690
2107;1695
2108;1565
2109;1568
2110;1632
2111;1587
2112;1560
2113;1540
2114;1487
2115;1451
2116;1410
2117;1417
2118;1445
2119;1420
2120;1445
2121;1465
2122;1558
2123;1528
2124;1545
2125;1628
2126;1626
2127;1509
2128;2658
2129;1635
2130;1575
2131;1547
2132;1754
2133;1576
2134;1582
2135;1579
2136;1520
2137;1577
2138;1582
2139;1613
2140;1620
2141;1558
2142;1453
2143;1502
2144;1533
2145;1436
2146;1479
2147;1475
2148;1477
2149;1423
2150;1441
2151;1476
2152;1415
2153;1495
2154;1427
2155;1478
2156;1558
2157;1516
2158;1533
2159;1587
2160;1429
2161;1546
2162;1358
2163;1405
2164;1578
2165;1432
2166;1591
2167;1516
2168;1435
2169;1479
2170;1542
2171;1616
2172;1544
2173;1439
2174;1514
2175;1505
2176;1570
2177;1551
2178;1556
2179;1751
2180;1519
2181;1639
2182;1627
2183;1507
2184;1464
2185;1581
2186;1490
2187;1577
2188;1456
2189;1452
2190;1461
2191;1608
2192;1434
2193;1538
2194;1523
2195;1516
2196;1576
2197;1426
2198;1511
2199;1490
2200;1497
2201;1464
2202;1418
2203;1594
2204;1459
2205;1570
2206;1514
2207;1565
2208;1559
2209;1421
2210;1442
2211;1550
2212;1410
2213;1593
2214;1446
2215;1362
2216;1473
2217;1438
2218;1578
2219;1425
2220;1569
2221;1518
2222;1465
2223;1566
2224;1437
2225;1616
2226;1614
2227;1686
2228;1466
2229;1565
2230;1451
2231;1439
2232;1546
2233;1567
2234;1732
2235;1532
2236;1485
2237;1448
2238;1540
2239;1562
2240;1591
2241;1531
2242;1488
2243;1462
2244;1468
2245;1746
2246;1527
2247;1515
2248;1576
2249;1473
2250;1424
2251;1531
2252;1552
2253;1415
2254;1571
2255;1390
2256;1539
2257;1502
2258;1559
2259;1444
2260;1462
2261;1443
2262;1483
2263;1431
2264;1454
2265;1412
2266;1479
2267;1493
2268;1455
2269;1493
2270;1454
2271;1454
2272;1399
2273;1410
2274;1494
2275;1427
2276;1473
2277;1472
2278;1491
2279;1454
2280;1494
2281;1442
2282;1425
2283;1475
2284;1482
2285;1414
2286;1466
2287;1474
2288;1556
2289;1550
2290;1580
2291;1525
2292;1627
2293;1670
2294;1563
2295;1548
2296;1569
2297;1524
2298;1628
2299;1613
2300;1719
2301;1760
2302;1464
2303;1435
2304;1418
2305;1524
2306;1476
2307;1422
2308;1648
2309;1515
2310;1620
2311;1654
2312;1767
2313;1582
2314;1611
2315;1613
2316;1588
2317;1528
2318;1596
2319;1626
2320;1617
2321;1621
2322;1527
2323;1427
2324;1552
2325;1530
2326;1530
2327;1440
2328;1456
2329;1401
2330;1536
2331;1455
2332;1388
2333;1545
2334;1590
2335;1589
2336;1431
2337;1449
2338;1424
2339;1465
2340;1477
2341;1571
2342;1425
2343;1443
2344;1635
2345;1567
2346;1552
2347;1586
2348;1628
2349;1565
2350;1530
2351;1538
2352;1600
2353;1528
2354;1569
2355;1574
2356;1599
2357;1569
2358;1569
2359;1556
2360;1578
2361;1552
2362;1537
2363;1642
2364;1594
2365;1532
2366;1552
2367;1596
2368;1544
2369;1407
2370;1423
2371;1473
2372;1418
2373;1422
2374;1432
2375;1445
2376;1490
2377;1481
2378;1448
2379;1458
2380;1450
2381;1489
2382;1445
2383;1422
2384;1427
2385;1433
2386;1457
2387;1423
2388;1447
2389;1475
2390;1464
2391;1418
2392;1457
2393;1460
2394;1444
2395;1463
2396;1402
2397;1472
2398;1394
2399;1455
2400;1408
2401;1489
2402;1432
2403;1728
2404;1408
2405;1461
2406;1444
2407;1368
2408;1461
2409;1469
2410;1429
2411;1456
2412;1456
2413;1405
2414;1431
2415;1429
2416;1445
2417;1455
2418;1405
2419;1496
2420;1560
2421;1438
2422;1394
2423;1468
2424;1564
2425;1592
2426;1601
2427;1448
2428;1475
2429;1535
2430;1594
2431;1489
2432;1548
2433;1591
2434;1423
2435;1641
2436;1478
2437;1550
2438;1437
2439;1449
2440;1428
2441;1558
2442;1416
2443;1438
2444;1478
2445;1439
2446;1531
2447;1383
2448;1485
2449;1403
2450;1537
2451;1441
2452;1562
2453;1543
2454;1446
2455;1561
2456;1408
2457;1517
2458;1532
2459;1556
2460;1540
2461;1530
2462;1616
2463;1554
2464;1447
2465;1398
2466;1542
2467;1519
2468;1590
2469;1526
2470;1470
2471;1494
2472;1455
2473;1450
2474;1427
2475;1547
2476;1525
2477;1420
2478;1367
2479;1530
2480;1446
2481;1596
2482;1502
2483;1645
2484;1752
2485;1607
2486;1574
2487;1479
2488;1363
2489;1491
2490;1498
2491;1521
2492;1476
2493;1451
2494;1491
2495;1472
2496;1509
2497;1615
2498;1577
2499;1594
2500;1627
2501;1661
2502;1711
2503;1583
2504;1619
2505;1666
2506;1618
2507;1578
2508;1569
2509;1458
2510;1445
2511;1467
2512;1625
2513;2081
2514;1478
2515;1494
2516;1438
2517;1468
2518;1449
2519;1455
2520;1460
2521;1431
2522;1451
2523;1505
2524;1486
2525;1496
2526;1483
2527;1528
2528;1479
2529;1421
2530;1430
2531;1452
2532;1414
2533;1448
2534;1449
2535;1479
2536;1588
2537;1537
2538;1542
2539;1574
2540;1613
2541;1643
2542;1579
2543;1559
2544;1588
2545;1434
2546;1524
2547;1594
2548;1656
2549;1579
2550;1603
2551;1441
2552;1484
2553;1481
2554;1452
2555;1746
2556;1448
2557;1451
2558;1488
2559;1453
2560;1420
2561;1414
2562;1469
2563;1435
2564;1413
2565;1471
2566;1428
2567;1480
2568;1417
2569;1412
2570;1417
2571;1470
2572;1572
2573;1441
2574;1436
2575;1627
2576;1554
2577;1529
2578;1579
2579;1631
2580;1616
2581;1590
2582;1559
2583;1583
2584;1587
2585;1667
2586;1588
2587;1531
2588;1522
2589;1541
2590;1519
2591;1540
2592;1561
2593;1640
2594;1506
2595;1603
2596;1586
2597;1477
2598;1476
2599;1427
2600;1424
2601;1457
2602;1465
2603;1426
2604;1570
2605;1636
2606;1698
2607;1567
2608;1458
2609;1499
2610;1429
2611;1496
2612;1459
2613;1519
2614;1466
2615;1465
2616;1427
2617;1475
2618;1446
2619;1459
2620;1413
2621;1418
2622;1507
2623;1481
2624;1522
2625;1483
2626;1459
2627;1440
2628;1438
2629;1473
2630;1456
2631;1426
2632;1464
2633;1552
2634;1440
2635;1501
2636;1575
2637;1640
2638;1671
2639;1609
2640;1587
2641;1639
2642;1619
2643;1569
2644;1537
2645;1500
2646;1464
2647;1440
2648;1422
2649;1424
2650;1427
2651;1471
2652;1415
2653;1849
2654;1771
2655;1966
2656;2024
2657;1974
2658;1866
2659;2059
2660;1952
2661;1920
2662;1925
2663;2356
2664;1941
2665;1932
2666;1951
2667;1984
2668;1926
2669;1998
2670;1980
2671;1925
2672;1807
2673;1872
2674;1823
2675;1799
2676;1811
2677;1728
2678;1763
2679;1826
2680;1791
2681;1832
2682;1742
2683;1776
2684;1827
2685;1770
2686;1763
2687;1798
2688;1767
2689;1795
2690;1808
2691;1801
2692;1830
2693;1764
2694;1828
2695;1865
2696;1772
2697;1200
2698;1833
2699;1784
2700;1673
2701;1769
2702;1880
2703;1796
2704;1850
2705;1918
2706;1801
2707;1850
2708;1819
2709;1813
2710;1929
2711;1920
2712;1797
2713;1909
2714;1820
2715;1891
2716;1879
2717;1802
2718;1814
2719;1917
2720;1920
2721;1764
2722;1926
2723;1846
2724;1802
2725;1921
2726;1942
2727;1938
2728;2130
2729;1988
2730;1951
2731;1948
2732;2002
2733;1932
2734;1936
2735;1984
2736;1940
2737;2012
2738;2046
2739;2052
2740;2040
2741;2085
2742;2092
2743;1912
2744;1957
2745;1954
2746;1525
2747;2097
2748;2028
2749;2088
2750;2121
2751;1922
2752;1946
2753;1976
2754;1945
2755;1965
2756;1998
2757;2026
2758;2064
2759;2043
2760;2067
2761;2040
2762;1784
2763;1797
2764;1813
2765;1804
2766;1937
2767;1826
2768;1823
2769;1909
2770;1907
2771;1801
2772;1801
2773;1965
2774;1956
2775;1744
2776;1922
2777;1776
2778;1818
2779;1970
2780;1812
2781;2018
2782;1909
2783;1948
2784;1987
2785;1953
2786;1877
2787;1806
2788;1811
2789;1801
2790;1871
2791;1864
2792;1916
2793;1790
2794;1863
2795;1361
2796;1800
2797;1933
2798;1951
2799;1818
2800;1814
2801;1815
2802;1816
2803;1748
2804;1812
2805;1795
2806;1876
2807;1900
2808;1798
2809;1771
2810;1750
2811;1769
2812;1810
2813;1908
2814;1795
2815;1964
2816;1836
2817;1804
2818;1811
2819;1842
2820;1799
2821;1820
2822;1819
2823;1786
2824;1757
2825;1996
2826;1806
2827;1800
2828;1796
2829;1839
2830;1813
2831;1815
2832;1843
2833;1825
2834;1815
2835;1807
2836;1815
2837;2255
2838;1811
2839;1809
2840;1798
2841;1860
2842;1782
2843;1856
2844;1465
2845;1784
2846;1755
2847;1908
2848;1831
2849;1815
2850;1927
2851;1739
2852;1798
2853;1787
2854;1922
2855;1823
2856;1821
2857;1846
2858;1823
2859;1913
2860;1783
2861;1819
2862;1920
2863;1776
2864;1820
2865;1818
2866;1783
2867;1809
2868;1817
2869;1761
2870;1991
2871;1780
2872;1799
2873;1770
2874;1838
2875;1794
2876;1823
2877;1908
2878;1900
2879;1548
2880;1371
2881;1412
2882;1341
2883;1338
2884;1378
2885;1366
2886;1339
2887;1323
2888;1377
2889;1330
2890;1346
2891;1416
2892;1358
2893;929
2894;1353
2895;1344
2896;1350
2897;1336
2898;1377
2899;1332
2900;1405
2901;1367
2902;1346
2903;1357
2904;1363
2905;1384
2906;1348
2907;1363
2908;1368
2909;1327
2910;1330
2911;1361
2912;1375
2913;1350
2914;1338
2915;1357
2916;1390
2917;1343
2918;1333
2919;1340
2920;1410
2921;1350
2922;1376
2923;1336
2924;1338
2925;1375
2926;1274
2927;1382
2928;1346
2929;1334
2930;1366
2931;1389
2932;1370
2933;1337
2934;1355
2935;1363
2936;1352
2937;1399
2938;1334
2939;1338
2940;1359
2941;1383
2942;1447
2943;1356
2944;1343
2945;1338
2946;1349
2947;1404
2948;1333
2949;1329
2950;1315
2951;1354
2952;1329
2953;1376
2954;1341
2955;1401
2956;1382
2957;1429
2958;1381
2959;1474
2960;1470
2961;1330
2962;1414
2963;1355
2964;1359
2965;1359
2966;1267
2967;1380
2968;1374
2969;1290
2970;1377
2971;1330
2972;1338
2973;1271
2974;1372
2975;1375
2976;1337
2977;1383
2978;1364
2979;1363
2980;1389
2981;1376
2982;1346
2983;1341
2984;1247
2985;1372
2986;1306
2987;1386
2988;1376
2989;1346
2990;1345
2991;1369
2992;1254
2993;1332
2994;1292
2995;1290
2996;1278
2997;1319
2998;1366
2999;1338
3000;1338
3001;1476
3002;1420
3003;1385
3004;1367
3005;1350
3006;1380
3007;1341
3008;1350
3009;1431
3010;1332
3011;1336
3012;1371
3013;1365
3014;1370
3015;1341
3016;1354
3017;1386
3018;1352
3019;1345
3020;1375
3021;1355
3022;1339
3023;1269
3024;1363
3025;1345
3026;1359
3027;1289
3028;1341
3029;1331
3030;1272
3031;1369
3032;1336
3033;1402
3034;1335
3035;1320
3036;1361
3037;1370
3038;1365
3039;1330
3040;1339
3041;1407
3042;1361
3043;1338
3044;1351
3045;1374
3046;1377
3047;1391
3048;1338
3049;1340
3050;1355
3051;1251
3052;1337
3053;1370
3054;1331
3055;1331
3056;1264
3057;1367
3058;1350
3059;1331
3060;1391
3061;1368
3062;1384
3063;1308
3064;1417
3065;1351
3066;1338
3067;1366
3068;1340
3069;1353
3070;1334
3071;1374
3072;1369
3073;1305
3074;1339
3075;1383
3076;1360
3077;1377
3078;1371
3079;1381
3080;1336
3081;1398
3082;1375
3083;1336
3084;1359
3085;1343
3086;1400
3087;1370
3088;1360
3089;1373
3090;1397
3091;1270
3092;1413
3093;1380
3094;1348
3095;1416
3096;1412
3097;1339
3098;1390
3099;1358
3100;1351
3101;1351
3102;1337
3103;1359
3104;1398
3105;1337
3106;1336
3107;1366
3108;1338
3109;1411
3110;1419
3111;1343
3112;1292
3113;1335
3114;1341
3115;1382
3116;1335
3117;1349
3118;1342
3119;1413
3120;1421
3121;1285
3122;1421
3123;1286
3124;1392
3125;1379
3126;1408
3127;1370
3128;1352
3129;1363
3130;1342
3131;1270
3132;1340
3133;1345
3134;1364
3135;1374
3136;1343
3137;1346
3138;1387
3139;1313
3140;1238
3141;1266
3142;1277
3143;1267
3144;1263
3145;1283
3146;1276
3147;1309
3148;1278
3149;1279
3150;1267
3151;1279
3152;1279
3153;1364
3154;1408
3155;1298
3156;1337
3157;1310
3158;1344
3159;1287
3160;1311
3161;1282
3162;1256
3163;1305
3164;1320
3165;1291
3166;1262
3167;1266
3168;1234
3169;1302
3170;1391
3171;1379
3172;1332
3173;1265
3174;1280
3175;1340
3176;1235
3177;1286
3178;1279
3179;1270
3180;1270
3181;1308
3182;1275
3183;1299
3184;1269
3185;1314
3186;1325
3187;1293
3188;1340
3189;1346
3190;1269
3191;1260
3192;1310
3193;1274
3194;1336
3195;1277
3196;1313
3197;1283
3198;1225
3199;1276
3200;1278
3201;1268
3202;1238
3203;1329
3204;1271
3205;1337
3206;1267
3207;1283
3208;1329
3209;1286
3210;1265
3211;1273
3212;1300
3213;1297
3214;1283
3215;1270
3216;1300
3217;1240
3218;1260
3219;1321
3220;1331
3221;1560
3222;1273
3223;1266
3224;1262
3225;1299
3226;1272
3227;1297
3228;1273
3229;1282
3230;1281
3231;1309
3232;1324
3233;1276
3234;1270
3235;1275
3236;1275
3237;1266
3238;1272
3239;1271
3240;1278
3241;1305
3242;1332
3243;1287
3244;1322
3245;1294
3246;1368
3247;1271
3248;1274
3249;1296
3250;1274
3251;1276
3252;1268
3253;1268
3254;1284
3255;1267
3256;1292
3257;1331
3258;1270
3259;1263
3260;1435
3261;1286
3262;1278
3263;1296
3264;1275
3265;1268
3266;1283
3267;1295
3268;1295
3269;1268
3270;1274
3271;1279
3272;1231
3273;1269
3274;1278
3275;1280
3276;1296
3277;1276
3278;1231
3279;1274
3280;1280
3281;1243
3282;1271
3283;1260
3284;1342
3285;1255
3286;1393
3287;1260
3288;1312
3289;1227
3290;1254
3291;1324
3292;1262
3293;1271
3294;1312
3295;1272
3296;1265
3297;1290
3298;1262
3299;1285
3300;1269
3301;1259
3302;1273
3303;1248
3304;1270
3305;1267
3306;1303
3307;1272
3308;1272
3309;1293
3310;1257
3311;1284
3312;1270
3313;1322
3314;1330
3315;1263
3316;1268
3317;1307
3318;1347
3319;1275
3320;1286
3321;1282
3322;1265
3323;1268
3324;1314
3325;1300
3326;1257
3327;1228
3328;1278
3329;1398
3330;1263
3331;1432
3332;1320
3333;1309
3334;1258
3335;1272
3336;1266
3337;1275
3338;1311
3339;1229
3340;1343
3341;1268
3342;1398
3343;1418
3344;1348
3345;1267
3346;1268
3347;1250
3348;1313
3349;1267
3350;1265
3351;1263
3352;1261
3353;1271
3354;1311
3355;1288
3356;1280
3357;1263
3358;1315
3359;1292
3360;1306
3361;1264
3362;1322
3363;1268
3364;1277
3365;1325
3366;1316
3367;1262
3368;1269
3369;1309
3370;1328
3371;1317
3372;1269
3373;1272
3374;1268
3375;1270
3376;1271
3377;1273
3378;1267
3379;1264
3380;1277
3381;1266
3382;1257
3383;1257
3384;1296
3385;1312
3386;1313
3387;1260
3388;1232
3389;1233
3390;1270
3391;1322
3392;1338
3393;1280
3394;1439
3395;1275
3396;1356
3397;1435
3398;1356
3399;1393
3400;1398
3401;1373
3402;1395
3403;1407
3404;1381
3405;1412
3406;1405
3407;1303
3408;1302
3409;1320
3410;1261
3411;1266
3412;1272
3413;1274
3414;1395
3415;1273
3416;1321
3417;1266
3418;1309
3419;1265
3420;1265
3421;1258
3422;1266
3423;1284
3424;1271
3425;1265
3426;1262
3427;1313
3428;1333
3429;1264
3430;1268
3431;1250
3432;1333
3433;1259
3434;1265
3435;1257
3436;1331
3437;1225
3438;1302
3439;1307
3440;1331
3441;1341
3442;1355
3443;1273
3444;1343
3445;1395
3446;1358
3447;1324
3448;1334
3449;1333
3450;1334
3451;1354
3452;1336
3453;1352
3454;1395
3455;1345
3456;1375
3457;1348
3458;1354
3459;1325
3460;1350
3461;1416
3462;1459
3463;1364
3464;1344
3465;1333
3466;1416
3467;1333
3468;1334
3469;1376
3470;1330
3471;1338
3472;1339
3473;1379
3474;1324
3475;1360
3476;1376
3477;1369
3478;1356
3479;1362
3480;1375
3481;1372
3482;1369
3483;1271
3484;1337
3485;1336
3486;1348
3487;1343
3488;1491
3489;1336
3490;1331
3491;1379
3492;1361
3493;1376
3494;1777
3495;1298
3496;1352
3497;1322
3498;1392
3499;1506
3500;1344
3501;1269
3502;1377
3503;1355
3504;1372
3505;1384
3506;1387
3507;1369
3508;1346
3509;1352
3510;1341
3511;1349
3512;1424
3513;1334
3514;1358
3515;1379
3516;1378
3517;1335
3518;1340
3519;1385
3520;1286
3521;1474
3522;1348
3523;1408
3524;1334
3525;1336
3526;1358
3527;1388
3528;1330
3529;1342
3530;1357
3531;1381
3532;1402
3533;1343
3534;1369
3535;1350
3536;1370
3537;1383
3538;1362
3539;1339
3540;1333
3541;1269
3542;1338
3543;1360
3544;1380
3545;1385
3546;1339
3547;1326
3548;1315
3549;1379
3550;1412
3551;1384
3552;1557
3553;1402
3554;1401
3555;1359
3556;1375
3557;1342
3558;1354
3559;1378
3560;1334
3561;1262
3562;1312
3563;1346
3564;1342
3565;1389
3566;1343
3567;1345
3568;1351
3569;1333
3570;1337
3571;1375
3572;1400
3573;1308
3574;1304
3575;1325
3576;1306
3577;1351
3578;1303
3579;1346
3580;1365
3581;1383
3582;1426
3583;1430
3584;1385
3585;1344
3586;1344
3587;1483
3588;1351
3589;1336
3590;1350
3591;1365
3592;1410
3593;1335
3594;1352
3595;1348
3596;1286
3597;1367
3598;1328
3599;1268
3600;1351
3601;1341
3602;1341
3603;1361
3604;1364
3605;1368
3606;1355
3607;1365
3608;1361
3609;1335
3610;1409
3611;1335
3612;1289
3613;1416
3614;1322
3615;1408
3616;1405
3617;1401
3618;1264
3619;1423
3620;1407
3621;1411
3622;1393
3623;1395
3624;1256
3625;1390
3626;1394
3627;1213
3628;1390
3629;1412
3630;1294
3631;1404
3632;1465
3633;1382
3634;1399
3635;1417
3636;1467
3637;1358
3638;1405
3639;1417
3640;1472
3641;1410
3642;1414
3643;1406
3644;1397
3645;1342
3646;1420
3647;1418
3648;1339
3649;1350
3650;1432
3651;1424
3652;1417
3653;1295
3654;1385
3655;1500
3656;1304
3657;1329
3658;1393
3659;1327
3660;1364
3661;1270
3662;1377
3663;1363
3664;1416
3665;1424
3666;1294
3667;1418
3668;1434
3669;1368
3670;1412
3671;1403
3672;1409
3673;1403
3674;1399
3675;1415
3676;1417
3677;1341
3678;1445
3679;1357
3680;1403
3681;1432
3682;1419
3683;1455
3684;1417
3685;1420
3686;1350
3687;1455
3688;1518
3689;1379
3690;1401
3691;1451
3692;1384
3693;1410
3694;1384
3695;1395
3696;1405
3697;1385
3698;1348
3699;1449
3700;1380
3701;1363
3702;1297
3703;1393
3704;1401
3705;1382
3706;1407
3707;1380
3708;1387
3709;1388
3710;1427
3711;1387
3712;1468
3713;1355
3714;1441
3715;1378
3716;1383
3717;1389
3718;1303
3719;1332
3720;1413
3721;1457
3722;1375
3723;1370
3724;1314
3725;1376
3726;1423
3727;1407
3728;1292
3729;1365
3730;1402
3731;1406
3732;1413
3733;1290
3734;1407
3735;1425
3736;1306
3737;1393
3738;1475
3739;1293
3740;1415
3741;1378
3742;1416
3743;1389
3744;1383
3745;1416
3746;1353
3747;1412
3748;1380
3749;1464
3750;1287
3751;1416
3752;1400
3753;1401
3754;1408
3755;1392
3756;1328
3757;1414
3758;1396
3759;1392
3760;1421
3761;1410
3762;1411
3763;1410
3764;1422
3765;1383
3766;1518
3767;1367
3768;1402
3769;1368
3770;1401
3771;1397
3772;1393
3773;1485
3774;1354
3775;1402
3776;1389
3777;1398
3778;1394
3779;1395
3780;1401
3781;1478
3782;1417
3783;1466
3784;1391
3785;1451
3786;1403
3787;1410
3788;1422
3789;1387
3790;1387
3791;1363
3792;1391
3793;1387
3794;1450
3795;1417
3796;1403
3797;1430
3798;1404
3799;1557
3800;1416
3801;1380
3802;1379
3803;1382
3804;1377
3805;1374
3806;1277
3807;1399
3808;1390
3809;1391
3810;1398
3811;1411
3812;1370
3813;1392
3814;1392
3815;1228
3816;1394
3817;1389
3818;1397
3819;1396
3820;1399
3821;1398
3822;1395
3823;1376
3824;1388
3825;1231
3826;1381
3827;1380
3828;1394
3829;1381
3830;1395
3831;1393
3832;1403
3833;1385
3834;1259
3835;1219
3836;1389
3837;1423
3838;1395
3839;1384
3840;1391
3841;1388
3842;1392
3843;1389
3844;1264
3845;1392
3846;1416
3847;1390
3848;1405
3849;1388
3850;1426
3851;1385
3852;1387
3853;1390
3854;1393
3855;1254
3856;1456
3857;1260
3858;1398
3859;1398
3860;1413
3861;1388
3862;1416
3863;1415
3864;1435
3865;1412
3866;1424
3867;1408
3868;1389
3869;1409
3870;1442
3871;1396
3872;1523
3873;1397
3874;1440
3875;1356
3876;1439
3877;1365
3878;1365
3879;1365
3880;1482
3881;1431
3882;1331
3883;1371
3884;1401
3885;1381
3886;1395
3887;1388
3888;1391
3889;1389
3890;1398
3891;1448
3892;1412
3893;1394
3894;1393
3895;1256
3896;1417
3897;1365
3898;1448
3899;1449
3900;1284
3901;1399
3902;1306
3903;1370
3904;1411
3905;1417
3906;1446
3907;1282
3908;1397
3909;1416
3910;1421
3911;1395
3912;1425
3913;1395
3914;1393
3915;1397
3916;1423
3917;1423
3918;1464
3919;1397
3920;1387
3921;1421
3922;1426
3923;1415
3924;1388
3925;1405
3926;1382
3927;1414
3928;1410
3929;1383
3930;1312
3931;1315
3932;1433
3933;1135
3934;1349
3935;1341
3936;1455
3937;1406
3938;1275
3939;1413
3940;1381
3941;1411
3942;1407
3943;1424
3944;1420
3945;1413
3946;1397
3947;1381
3948;1377
3949;1341
3950;1437
3951;1420
3952;1418
3953;1435
3954;1411
3955;1420
3956;1456
3957;1344
3958;1386
3959;1440
3960;1452
3961;1374
3962;1387
3963;1378
3964;1357
3965;1420
3966;1444
3967;1416
3968;1366
3969;1369
3970;1380
3971;1369
3972;1365
3973;1376
3974;1360
3975;1337
3976;1426
3977;1380
3978;1378
3979;1466
3980;1375
3981;1414
3982;1449
3983;1402
3984;1289
3985;1425
3986;1423
3987;1424
3988;1278
3989;1435
3990;1408
3991;1395
3992;1408
3993;1329
3994;1387
3995;1396
3996;1349
3997;1450
3998;1512
3999;1520
4000;1333
4001;1420
4002;1328
4003;1377
4004;1386
4005;1341
4006;1413
4007;1349
4008;1411
4009;1423
4010;1373
4011;1402
4012;1397
4013;1398
4014;1379
4015;1342
4016;1517
4017;1554
4018;1389
4019;1281
4020;1417
4021;1410
4022;1411
4023;1396
4024;1219
4025;1411
4026;1303
4027;1262
4028;1402
4029;1423
4030;1254
4031;1391
4032;1099
4033;1398
4034;1398
4035;1267
4036;1429
4037;1400
4038;1393
4039;1257
4040;1389
4041;1389
4042;1402
4043;1322
4044;1408
4045;1247
4046;1403
4047;1377
4048;1323
4049;1513
4050;1513
4051;1415
4052;1375
4053;1514
4054;1539
4055;1332
4056;1277
4057;1357
4058;1541
4059;1405
4060;1582
4061;1455
4062;1371
4063;1342
4064;1403
4065;1432
4066;1301
4067;1418
4068;1407
4069;1408
4070;1400
4071;1448
4072;1387
4073;1406
4074;1372
4075;1288
4076;1272
4077;1288
4078;1390
4079;1327
4080;1356
4081;1412
4082;1354
4083;1407
4084;1368
4085;1434
4086;1460
4087;1415
4088;1311
4089;1413
4090;1339
4091;1378
4092;1297
4093;1278
4094;1363
4095;1388
4096;1413
4097;1412
4098;1329
4099;1454
4100;1313
4101;1474
4102;1326
4103;1422
4104;1491
4105;1418
4106;1413
4107;1339
4108;1331
4109;1418
4110;1329
4111;1337
4112;1338
4113;1337
4114;1409
4115;1410
4116;1342
4117;1343
4118;1340
4119;1325
4120;1528
4121;1383
4122;1460
4123;1375
4124;1402
4125;1401
4126;1380
4127;1373
4128;1387
4129;1378
4130;1467
4131;1297
4132;1412
4133;1414
4134;1437
4135;1406
4136;1388
4137;1408
4138;1391
4139;1440
4140;1385
4141;1389
4142;1386
4143;1418
4144;1544
4145;1518
4146;1371
4147;1512
4148;1518
4149;1517
4150;1517
4151;1510
4152;1386
4153;1353
4154;1375
4155;1386
4156;1352
4157;1370
4158;2949
4159;1482
4160;1340
4161;1261
4162;1455
4163;1381
4164;1380
4165;1376
4166;1445
4167;1417
4168;1408
4169;1437
4170;1472
4171;1442
4172;1385
4173;1335
4174;1508
4175;1377
4176;1420
4177;1379
4178;1386
4179;1387
4180;1071
4181;1567
4182;1513
4183;1512
4184;1543
4185;1560
4186;1607
4187;1574
4188;1528
4189;1549
4190;1534
4191;1507
4192;1519
4193;1566
4194;1559
4195;1528
4196;1550
4197;1399
4198;1514
4199;1431
4200;1439
4201;1437
4202;1452
4203;1487
4204;1434
4205;1431
4206;1431
4207;1430
4208;1397
4209;1495
4210;1462
4211;1442
4212;1441
4213;1435
4214;1503
4215;1379
4216;1440
4217;1461
4218;1443
4219;1430
4220;1425
4221;1462
4222;1560
4223;1428
4224;1460
4225;1444
4226;1553
4227;1443
4228;1475
4229;1444
4230;1447
4231;1470
4232;1479
4233;1550
4234;1429
4235;1444
4236;1464
4237;1317
4238;1357
4239;1481
4240;1433
4241;1446
4242;1430
4243;1487
4244;1441
4245;1302
4246;1445
4247;1452
4248;1320
4249;1331
4250;1503
4251;1446
4252;1437
4253;1358
4254;1339
4255;1447
4256;1320
4257;1357
4258;1454
4259;1476
4260;1383
4261;1453
4262;1395
4263;1368
4264;1562
4265;1528
4266;1481
4267;1350
4268;1433
4269;1452
4270;1382
4271;1415
4272;1364
4273;1461
4274;1467
4275;1351
4276;1447
4277;1380
4278;1347
4279;1468
4280;1354
4281;1352
4282;1346
4283;1361
4284;1477
4285;1466
4286;1375
4287;1441
4288;1387
4289;1346
4290;1365
4291;1379
4292;1355
4293;1431
4294;1362
4295;1339
4296;1287
4297;1364
4298;1366
4299;1367
4300;1349
4301;1339
4302;1370
4303;1401
4304;1403
4305;1339
4306;1335
4307;1340
4308;1343
4309;1339
4310;1341
4311;1342
4312;1340
4313;1341
4314;1351
4315;1367
4316;1425
4317;1377
4318;1326
4319;1367
4320;1336
4321;1396
4322;1343
4323;1349
4324;1358
4325;1381
4326;1376
4327;1359
4328;1380
4329;1428
4330;1344
4331;1273
4332;1335
4333;1339
4334;1274
4335;1388
4336;1391
4337;1394
4338;1284
4339;1370
4340;1355
4341;1334
4342;1434
4343;1341
4344;1362
4345;1391
4346;1340
4347;1351
4348;1385
4349;1397
4350;1326
4351;1357
4352;1345
4353;1391
4354;1345
4355;1338
4356;1367
4357;1340
4358;1382
4359;1337
4360;1359
4361;1348
4362;1422
4363;1416
4364;1483
4365;1378
4366;1338
4367;1399
4368;1345
4369;1340
4370;1341
4371;1374
4372;1348
4373;1249
4374;1389
4375;1392
4376;1385
4377;1386
4378;1527
4379;1446
4380;1401
4381;1391
4382;1409
4383;1395
4384;1348
4385;1294
4386;1365
4387;1345
4388;1353
4389;1368
4390;1361
4391;1369
4392;1389
4393;1388
4394;1401
4395;1355
4396;1384
4397;1349
4398;1351
4399;1344
4400;1346
4401;1303
4402;1348
4403;1337
4404;1340
4405;1392
4406;1339
4407;1326
4408;1416
4409;1340
4410;1347
4411;1309
4412;1408
4413;1275
4414;1350
4415;1344
4416;1407
4417;1342
4418;1388
4419;1326
4420;1419
4421;1332
4422;1468
4423;1360
4424;1382
4425;1336
4426;1377
4427;1332
4428;1748
4429;1465
4430;1407
4431;1475
4432;1345
4433;1332
4434;1432
4435;1389
4436;1466
4437;1436
4438;1428
4439;1337
4440;1373
4441;1383
4442;1344
4443;1325
4444;1365
4445;1390
4446;1344
4447;1346
4448;1370
4449;1372
4450;1358
4451;1370
4452;1343
4453;1328
4454;1388
4455;1381
4456;1337
4457;1347
4458;1381
4459;1379
4460;1337
4461;1341
4462;1417
4463;1350
4464;1347
4465;1337
4466;1374
4467;1453
4468;1415
4469;1370
4470;1343
4471;1370
4472;1395
4473;1389
4474;1460
4475;1432
4476;1392
4477;1421
4478;1411
4479;1571
4480;1307
4481;1351
4482;1408
4483;1296
4484;1502
4485;1447
4486;1331
4487;1402
4488;1373
4489;1372
4490;1383
4491;1424
4492;1345
4493;1385
4494;1469
4495;1458
4496;1383
4497;1345
4498;1331
4499;1332
4500;1352
4501;1359
4502;1338
4503;1347
4504;1332
4505;1393
4506;1273
4507;1363
4508;1373
4509;1429
4510;1440
4511;1363
4512;1470
4513;1374
4514;1325
4515;1323
4516;1332
4517;1378
4518;1359
4519;1350
4520;1520
4521;1335
4522;1454
4523;1469
4524;1379
4525;1455
4526;1396
4527;1385
4528;1491
4529;1396
4530;1353
4531;1341
4532;1342
4533;1409
4534;1434
4535;1323
4536;1369
4537;1382
4538;1279
4539;1425
4540;1470
4541;1401
4542;1434
4543;1391
4544;1343
4545;1364
4546;1425
4547;1441
4548;1370
4549;1375
4550;1372
4551;1378
4552;1379
4553;1404
4554;1371
4555;1338
4556;1295
4557;1309
4558;1280
4559;1330
4560;1366
4561;1336
4562;1369
4563;1378
4564;1373
4565;1434
4566;1460
4567;1362
4568;1383
4569;1478
4570;1321
4571;1323
4572;1336
4573;1377
4574;1339
4575;1325
4576;1334
4577;1335
4578;1336
4579;1370
4580;1365
4581;1363
4582;1358
4583;1374
4584;1387
4585;1387
4586;1424
4587;1322
4588;1373
4589;1336
4590;1358
4591;1345
4592;1397
4593;1362
4594;1390
4595;1363
4596;1367
4597;1333
4598;1354
4599;1261
4600;1309
4601;1425
4602;1362
4603;1335
4604;1336
4605;1374
4606;1266
4607;1337
4608;1341
4609;1318
4610;1333
4611;1283
4612;1355
4613;1326
4614;1414
4615;1336
4616;1284
4617;1332
4618;1463
4619;1371
4620;1338
4621;1375
4622;1376
4623;1340
4624;1334
4625;1373
4626;1346
4627;1378
4628;1393
4629;1475
4630;1354
4631;1339
4632;1397
4633;1494
4634;1450
4635;1413
4636;1386
4637;1371
4638;1341
4639;1374
4640;1341
4641;1294
4642;1319
4643;1367
4644;1339
4645;1342
4646;1333
4647;1349
4648;1391
4649;1375
4650;1372
4651;1342
4652;1357
4653;1346
4654;1378
4655;1332
4656;1431
4657;1364
4658;1273
4659;1389
4660;1344
4661;1342
4662;1344
4663;1379
4664;1396
4665;1340
4666;1361
4667;1350
4668;1265
4669;1370
4670;1328
4671;1424
4672;1365
4673;1344
4674;1353
4675;1369
4676;1340
4677;1340
4678;1350
4679;1374
4680;1337
4681;1337
4682;1316
4683;1344
4684;1372
4685;1365
4686;1337
4687;1341
4688;1350
4689;1378
4690;1331
4691;1311
4692;1307
4693;1314
4694;1350
4695;1328
4696;1330
4697;1330
4698;1343
4699;1369
4700;1339
4701;1335
4702;1338
4703;1371
4704;1335
4705;1348
4706;1365
4707;1329
4708;1336
4709;1402
4710;1383
4711;1347
4712;1334
4713;1397
4714;1386
4715;1371
4716;1398
4717;1491
4718;1266
4719;1384
4720;1336
4721;1335
4722;1373
4723;1443
4724;1326
4725;1402
4726;1340
4727;1339
4728;1299
4729;1391
4730;1340
4731;1336
4732;1330
4733;1394
4734;1340
4735;1337
4736;1338
4737;1329
4738;1314
4739;1429
4740;1356
4741;1368
4742;1435
4743;1351
4744;1381
4745;1383
4746;1367
4747;1362
4748;1370
4749;1331
4750;1332
4751;1363
4752;1320
4753;1362
4754;1352
4755;1344
4756;1364
4757;1377
4758;1337
4759;1348
4760;1364
4761;1317
4762;1364
4763;1364
4764;1394
4765;1378
4766;1503
4767;1345
4768;1368
4769;1339
4770;1326
4771;1372
4772;1334
4773;1351
4774;1363
4775;1370
4776;1385
4777;1339
4778;1342
4779;1366
4780;1407
4781;1341
4782;1386
4783;1338
4784;1375
4785;1372
4786;1340
4787;1346
4788;1334
4789;1361
4790;1342
4791;1341
4792;1363
4793;1340
4794;1355
4795;1355
4796;1369
4797;1316
4798;1360
4799;1339
4800;1357
4801;1384
4802;1342
4803;1337
4804;1384
4805;1350
4806;1367
4807;1317
4808;1436
4809;1372
4810;1329
4811;1345
4812;1345
4813;1374
4814;1372
4815;1387
4816;1354
4817;1372
4818;1340
4819;1353
4820;1332
4821;1353
4822;1374
4823;1338
4824;1303
4825;1367
4826;1326
4827;1277
4828;1402
4829;1351
4830;1325
4831;1399
4832;1369
4833;1354
4834;1379
4835;1384
4836;1478
4837;1400
4838;1419
4839;1410
4840;1413
4841;1425
4842;1370
4843;1387
4844;1373
4845;1346
4846;1358
4847;1289
4848;1341
4849;1383
4850;1340
4851;1352
4852;1366
4853;1388
4854;1391
4855;1335
4856;1372
4857;1380
4858;1358
4859;1382
4860;1238
4861;1369
4862;1281
4863;1369
4864;1283
4865;1427
4866;1323
4867;1337
4868;1337
4869;1272
4870;1293
4871;1380
4872;1384
4873;1361
4874;1360
4875;1346
4876;1378
4877;1332
4878;1390
4879;1351
4880;1402
4881;1334
4882;1380
4883;1385
4884;1334
4885;1345
4886;1360
4887;1405
4888;1343
4889;1390
4890;1355
4891;1427
4892;1338
4893;1355
4894;1384
4895;1389
4896;1354
4897;1271
4898;1388
4899;1345
4900;1350
4901;1359
4902;1400
4903;1343
4904;1388
4905;1342
4906;1321
4907;1341
4908;1393
4909;1346
4910;1343
4911;1337
4912;1272
4913;1347
4914;1367
4915;1366
4916;1340
4917;1636
4918;1407
4919;1397
4920;1370
4921;1345
4922;1354
4923;1392
4924;1353
4925;1357
4926;1394
4927;1334
4928;1328
4929;1359
4930;1411
4931;1367
4932;1356
4933;1352
4934;1305
4935;1341
4936;1363
4937;1338
4938;1352
4939;1372
4940;1360
4941;1388
4942;1374
4943;1342
4944;1387
4945;1285
4946;1353
4947;1369
4948;1342
4949;1352
4950;1393
4951;1282
4952;1370
4953;1321
4954;1433
4955;1382
4956;1392
4957;1340
4958;1354
4959;1350
4960;1364
4961;1392
4962;1356
4963;1349
4964;1408
4965;1348
4966;1334
4967;1344
4968;1362
4969;1397
4970;1346
4971;1384
4972;1275
4973;1346
4974;1335
4975;1325
4976;1424
4977;1282
4978;2371
4979;1966
4980;2000
4981;1678
4982;1481
4983;1422
4984;1338
4985;1374
4986;1453
4987;1381
4988;1487
4989;1376
4990;1383
4991;1268
4992;1363
4993;1335
4994;1335
4995;1361
4996;1376
4997;1338
4998;1341
4999;1323
5000;977
